BMRB_NUM,PDB_ID,RES_NUM,RESNAME,RESNAME_i-1,RESNAME_i-2,RESNAME_i-3,RESNAME_i-4,RESNAME_i-5,RESNAME_i-6,RESNAME_i-7,RESNAME_i-8,RESNAME_i-9,RESNAME_i-10,RESNAME_i-11,RESNAME_i-12,RESNAME_i-13,RESNAME_i-14,RESNAME_i-15,RESNAME_i-16,RESNAME_i-17,RESNAME_i-18,RESNAME_i-19,RESNAME_i-20,RESNAME_i+1,RESNAME_i+2,RESNAME_i+3,RESNAME_i+4,RESNAME_i+5,RESNAME_i+6,RESNAME_i+7,RESNAME_i+8,RESNAME_i+9,RESNAME_i+10,RESNAME_i+11,RESNAME_i+12,RESNAME_i+13,RESNAME_i+14,RESNAME_i+15,RESNAME_i+16,RESNAME_i+17,RESNAME_i+18,RESNAME_i+19,RESNAME_i+20,H,HA,C,CA,CB,N,HB3,HB2,HZ,CZ,HD1,HE1,CD1,CE1,HG2,HB,CG2,CG,HE2,CE,HD2,CD,CD2,HG3,HG13,HG12,HA2,HA3,HG,HD3,HE21,NE2,HE22,HG1,CG1,HD21,ND2,HD22,NE1,HZ2,CZ2,HH2,HZ3,CE3,CH2,CZ3,HE3,HE,CE2,NE,HH11,HH12,HH21,HH22,HH,NZ,HP,HH1,HZ1,NH1,NH2,ND1,OOH,H2A,H3A,H4A,H4B,H5A,H5B,H6A,H6B,H7A,H7B,H8A,H8B,H8C,H28A,H28B,H30A,H30B,H30C,H31A,H31B,H31C,H32A,H36A,H37A,H37B,H38A,H38B,H41A,H42A,H42B,H43A,H43B,H1A,H1B,H2B,HD,HC,HT,HG21,HG22,HG23,C1,H1,HB1,HN,H2,H3B,H_ERR,HA_ERR,C_ERR,CA_ERR,CB_ERR,N_ERR,HB3_ERR,HB2_ERR,HZ_ERR,CZ_ERR,HD1_ERR,HE1_ERR,CD1_ERR,CE1_ERR,HG2_ERR,HB_ERR,CG2_ERR,CG_ERR,HE2_ERR,CE_ERR,HD2_ERR,CD_ERR,CD2_ERR,HG3_ERR,HG13_ERR,HG12_ERR,HA2_ERR,HA3_ERR,HG_ERR,HD3_ERR,HE21_ERR,NE2_ERR,HE22_ERR,HG1_ERR,CG1_ERR,HD21_ERR,ND2_ERR,HD22_ERR,NE1_ERR,HZ2_ERR,CZ2_ERR,HH2_ERR,HZ3_ERR,CE3_ERR,CH2_ERR,CZ3_ERR,HE3_ERR,HE_ERR,CE2_ERR,NE_ERR,HH11_ERR,HH12_ERR,HH21_ERR,HH22_ERR,HH_ERR,NZ_ERR,HP_ERR,HH1_ERR,HZ1_ERR,NH1_ERR,NH2_ERR,ND1_ERR,OOH_ERR,H2A_ERR,H3A_ERR,H4A_ERR,H4B_ERR,H5A_ERR,H5B_ERR,H6A_ERR,H6B_ERR,H7A_ERR,H7B_ERR,H8A_ERR,H8B_ERR,H8C_ERR,H28A_ERR,H28B_ERR,H30A_ERR,H30B_ERR,H30C_ERR,H31A_ERR,H31B_ERR,H31C_ERR,H32A_ERR,H36A_ERR,H37A_ERR,H37B_ERR,H38A_ERR,H38B_ERR,H41A_ERR,H42A_ERR,H42B_ERR,H43A_ERR,H43B_ERR,H1A_ERR,H1B_ERR,H2B_ERR,HD_ERR,HC_ERR,HT_ERR,HG21_ERR,HG22_ERR,HG23_ERR,C1_ERR,H1_ERR,HB1_ERR,HN_ERR,H2_ERR,H3B_ERR
6419,1XU6A,2,SER,,,,,,,,,,,,,,,,,,,,,HIS,MET,LEU,GLU,VAL,LEU,THR,GLN,LYS,HIS,LYS,PRO,ALA,GLU,SER,GLN,GLN,GLN,ALA,ALA,,4.4,,58.72,64.18,,,3.74,,,,,,,,,,,,,,,,,,,,,,,,,,,,,,,,,,,,,,,,,,,,,,,,,,,,,,,,,,,,,,,,,,,,,,,,,,,,,,,,,,,,,,,,,,,,,,,,,,,,,,,,0.014,,0.12,0.0,,,0.006,,,,,,,,,,,,,,,,,,,,,,,,,,,,,,,,,,,,,,,,,,,,,,,,,,,,,,,,,,,,,,,,,,,,,,,,,,,,,,,,,,,,,,,,,,,,,,,,,,,,,,
6419,1XU6A,3,HIS,SER,,,,,,,,,,,,,,,,,,,,MET,LEU,GLU,VAL,LEU,THR,GLN,LYS,HIS,LYS,PRO,ALA,GLU,SER,GLN,GLN,GLN,ALA,ALA,GLU,8.62,4.61,,56.17,29.7,120.82,3.17,3.06,,,,,,,,,,,,,,,,,,,,,,,,,,,,,,,,,,,,,,,,,,,,,,,,,,,,,,,,,,,,,,,,,,,,,,,,,,,,,,,,,,,,,,,,,,,,,,,,,,,,,,,0.002,0.002,,0.06,0.07,0.01,0.0,0.0,,,,,,,,,,,,,,,,,,,,,,,,,,,,,,,,,,,,,,,,,,,,,,,,,,,,,,,,,,,,,,,,,,,,,,,,,,,,,,,,,,,,,,,,,,,,,,,,,,,,,,
6419,1XU6A,4,MET,HIS,SER,,,,,,,,,,,,,,,,,,,LEU,GLU,VAL,LEU,THR,GLN,LYS,HIS,LYS,PRO,ALA,GLU,SER,GLN,GLN,GLN,ALA,ALA,GLU,THR,8.31,4.33,,56.16,33.01,120.93,1.98,1.91,,,,,,,2.43,,,32.1,,17.21,,,,2.48,,,,,,,,,,,,,,,,,,,,,,,,2.03,,,,,,,,,,,,,,,,,,,,,,,,,,,,,,,,,,,,,,,,,,,,,,,,,,,,,,,,,,,,,,,0.006999999999999999,0.005,,0.04,0.06,0.05,0.003,0.006,,,,,,,0.008,,,0.07,,0.0,,,,0.004,,,,,,,,,,,,,,,,,,,,,,,,0.0,,,,,,,,,,,,,,,,,,,,,,,,,,,,,,,,,,,,,,,,,,,,,,,,,,,,,,,,,,,,,,
6419,1XU6A,5,LEU,MET,HIS,SER,,,,,,,,,,,,,,,,,,GLU,VAL,LEU,THR,GLN,LYS,HIS,LYS,PRO,ALA,GLU,SER,GLN,GLN,GLN,ALA,ALA,GLU,THR,GLU,8.18,4.23,,55.74,42.55,122.43,2.0,1.9,,,0.79,,23.54,,,,,27.24,,,0.85,,25.1,,,,,,1.54,,,,,,,,,,,,,,,,,,,,,,,,,,,,,,,,,,,,,,,,,,,,,,,,,,,,,,,,,,,,,,,,,,,,,,,,,,,,,,,,,,0.002,0.008,,0.06,0.01,0.05,0.0,0.0,,,0.006999999999999999,,0.01,,,,,0.11,,,0.004,,0.01,,,,,,0.008,,,,,,,,,,,,,,,,,,,,,,,,,,,,,,,,,,,,,,,,,,,,,,,,,,,,,,,,,,,,,,,,,,,,,,,,,,,,,,,,,
6419,1XU6A,6,GLU,LEU,MET,HIS,SER,,,,,,,,,,,,,,,,,VAL,LEU,THR,GLN,LYS,HIS,LYS,PRO,ALA,GLU,SER,GLN,GLN,GLN,ALA,ALA,GLU,THR,GLU,GLY,8.26,4.19,,57.05,30.57,121.63,,1.9,,,,,,,2.15,,,36.39,,,,,,2.24,,,,,,,,,,,,,,,,,,,,,,,,,,,,,,,,,,,,,,,,,,,,,,,,,,,,,,,,,,,,,,,,,,,,,,,,,,,,,,,,,,,,,,,0.002,0.006,,0.02,0.02,0.06,,0.01,,,,,,,0.011,,,0.02,,,,,,0.013,,,,,,,,,,,,,,,,,,,,,,,,,,,,,,,,,,,,,,,,,,,,,,,,,,,,,,,,,,,,,,,,,,,,,,,,,,,,,,,,,,,,,,
6419,1XU6A,7,VAL,GLU,LEU,MET,HIS,SER,,,,,,,,,,,,,,,,LEU,THR,GLN,LYS,HIS,LYS,PRO,ALA,GLU,SER,GLN,GLN,GLN,ALA,ALA,GLU,THR,GLU,GLY,SER,8.05,3.98,,62.83,32.84,120.67,,,,,,,,,,1.99,,,,,,,,,,,,,,,,,,0.84,21.12,,,,,,,,,,,,,,,,,,,,,,,,,,,,,,,,,,,,,,,,,,,,,,,,,,,,,,,,,,,,,,,,,,,,,,,,,,,,0.005,0.008,,0.06,0.04,0.06,,,,,,,,,,0.004,,,,,,,,,,,,,,,,,,0.004,0.09,,,,,,,,,,,,,,,,,,,,,,,,,,,,,,,,,,,,,,,,,,,,,,,,,,,,,,,,,,,,,,,,,,,,,,,,,,,
6419,1XU6A,8,LEU,VAL,GLU,LEU,MET,HIS,SER,,,,,,,,,,,,,,,THR,GLN,LYS,HIS,LYS,PRO,ALA,GLU,SER,GLN,GLN,GLN,ALA,ALA,GLU,THR,GLU,GLY,SER,CYS,8.23,4.33,,55.67,42.56,124.72,1.61,1.53,,,0.78,,23.42,,,,,27.18,,,0.85,,25.11,,,,,,1.55,,,,,,,,,,,,,,,,,,,,,,,,,,,,,,,,,,,,,,,,,,,,,,,,,,,,,,,,,,,,,,,,,,,,,,,,,,,,,,,,,,0.003,0.004,,0.01,0.03,0.05,0.004,0.006,,,0.002,,0.02,,,,,0.09,,,0.003,,0.03,,,,,,0.013,,,,,,,,,,,,,,,,,,,,,,,,,,,,,,,,,,,,,,,,,,,,,,,,,,,,,,,,,,,,,,,,,,,,,,,,,,,,,,,,,
6419,1XU6A,9,THR,LEU,VAL,GLU,LEU,MET,HIS,SER,,,,,,,,,,,,,,GLN,LYS,HIS,LYS,PRO,ALA,GLU,SER,GLN,GLN,GLN,ALA,ALA,GLU,THR,GLU,GLY,SER,CYS,ASN,7.97,4.21,,62.22,70.2,113.9,,,,,,,,,1.12,4.13,21.83,,,,,,,,,,,,,,,,,,,,,,,,,,,,,,,,,,,,,,,,,,,,,,,,,,,,,,,,,,,,,,,,,,,,,,,,,,,,,,,,,,,,,,,,,,,,,,0.003,0.012,,0.05,0.12,0.05,,,,,,,,,0.004,0.002,0.0,,,,,,,,,,,,,,,,,,,,,,,,,,,,,,,,,,,,,,,,,,,,,,,,,,,,,,,,,,,,,,,,,,,,,,,,,,,,,,,,,,,,,,,,,,,,,
6419,1XU6A,10,GLN,THR,LEU,VAL,GLU,LEU,MET,HIS,SER,,,,,,,,,,,,,LYS,HIS,LYS,PRO,ALA,GLU,SER,GLN,GLN,GLN,ALA,ALA,GLU,THR,GLU,GLY,SER,CYS,ASN,LYS,8.19,4.23,,56.05,29.7,121.79,2.0,1.89,,,,,,,2.26,,,34.02,,,,,,,,,,,,,,,,,,,,,,,,,,,,,,,,,,,,,,,,,,,,,,,,,,,,,,,,,,,,,,,,,,,,,,,,,,,,,,,,,,,,,,,,,,,,,0.004,0.006,,0.04,0.06,0.04,0.002,0.006999999999999999,,,,,,,0.013,,,0.09,,,,,,,,,,,,,,,,,,,,,,,,,,,,,,,,,,,,,,,,,,,,,,,,,,,,,,,,,,,,,,,,,,,,,,,,,,,,,,,,,,,,,,,,,,,,
6419,1XU6A,11,LYS,GLN,THR,LEU,VAL,GLU,LEU,MET,HIS,SER,,,,,,,,,,,,HIS,LYS,PRO,ALA,GLU,SER,GLN,GLN,GLN,ALA,ALA,GLU,THR,GLU,GLY,SER,CYS,ASN,LYS,LYS,8.22,4.17,,56.62,33.16,121.73,1.79,1.74,,,,,,,1.29,,,24.95,2.89,42.33,1.61,29.38,,1.41,,,,,,,,,,,,,,,,,,,,,,,,,,,,,,,,,,,,,,,,,,,,,,,,,,,,,,,,,,,,,,,,,,,,,,,,,,,,,,,,,,,,,,,0.004,0.01,,0.05,0.04,0.05,0.004,0.003,,,,,,,0.012,,,0.02,0.008,0.01,0.011,0.01,,0.005,,,,,,,,,,,,,,,,,,,,,,,,,,,,,,,,,,,,,,,,,,,,,,,,,,,,,,,,,,,,,,,,,,,,,,,,,,,,,,,,,,,,,,
6419,1XU6A,12,HIS,LYS,GLN,THR,LEU,VAL,GLU,LEU,MET,HIS,SER,,,,,,,,,,,LYS,PRO,ALA,GLU,SER,GLN,GLN,GLN,ALA,ALA,GLU,THR,GLU,GLY,SER,CYS,ASN,LYS,LYS,ASP,8.33,4.59,,55.64,30.04,119.29,3.1,3.04,,,,,,,,,,,,,,,,,,,,,,,,,,,,,,,,,,,,,,,,,,,,,,,,,,,,,,,,,,,,,,,,,,,,,,,,,,,,,,,,,,,,,,,,,,,,,,,,,,,,,,,0.005,0.013,,0.02,0.1,0.06,0.005,0.003,,,,,,,,,,,,,,,,,,,,,,,,,,,,,,,,,,,,,,,,,,,,,,,,,,,,,,,,,,,,,,,,,,,,,,,,,,,,,,,,,,,,,,,,,,,,,,,,,,,,,,
6419,1XU6A,13,LYS,HIS,LYS,GLN,THR,LEU,VAL,GLU,LEU,MET,HIS,SER,,,,,,,,,,PRO,ALA,GLU,SER,GLN,GLN,GLN,ALA,ALA,GLU,THR,GLU,GLY,SER,CYS,ASN,LYS,LYS,ASP,GLN,8.33,4.5,,54.64,32.81,,1.74,1.64,,,,,,,1.36,,,24.98,2.91,42.43,1.6,29.36,,,,,,,,,,,,,,,,,,,,,,,,,,,,,,,,,,,,,,,,,,,,,,,,,,,,,,,,,,,,,,,,,,,,,,,,,,,,,,,,,,,,,,,,,0.005,0.003,,0.07,0.07,,0.001,0.001,,,,,,,0.004,,,0.01,0.005,0.01,0.006,0.01,,,,,,,,,,,,,,,,,,,,,,,,,,,,,,,,,,,,,,,,,,,,,,,,,,,,,,,,,,,,,,,,,,,,,,,,,,,,,,,,,,,,,,,,
6419,1XU6A,14,PRO,LYS,HIS,LYS,GLN,THR,LEU,VAL,GLU,LEU,MET,HIS,SER,,,,,,,,,ALA,GLU,SER,GLN,GLN,GLN,ALA,ALA,GLU,THR,GLU,GLY,SER,CYS,ASN,LYS,LYS,ASP,GLN,ASN,,4.32,,63.46,32.35,,2.25,1.85,,,,,,,1.93,,,27.53,,,3.55,51.01,,1.98,,,,,,3.72,,,,,,,,,,,,,,,,,,,,,,,,,,,,,,,,,,,,,,,,,,,,,,,,,,,,,,,,,,,,,,,,,,,,,,,,,,,,,,,,,,0.008,,0.09,0.08,,0.003,0.008,,,,,,,0.005,,,0.02,,,0.004,0.03,,0.005,,,,,,0.004,,,,,,,,,,,,,,,,,,,,,,,,,,,,,,,,,,,,,,,,,,,,,,,,,,,,,,,,,,,,,,,,,,,,,,,,,,,,,,,,
6419,1XU6A,15,ALA,PRO,LYS,HIS,LYS,GLN,THR,LEU,VAL,GLU,LEU,MET,HIS,SER,,,,,,,,GLU,SER,GLN,GLN,GLN,ALA,ALA,GLU,THR,GLU,GLY,SER,CYS,ASN,LYS,LYS,ASP,GLN,ASN,GLU,8.38,4.19,,52.94,19.55,123.68,,,,,,,,,,1.33,,,,,,,,,,,,,,,,,,,,,,,,,,,,,,,,,,,,,,,,,,,,,,,,,,,,,,,,,,,,,,,,,,,,,,,,,,,,,,,,,,,,,,,,,,,,,,,0.004,0.006,,0.01,0.03,0.04,,,,,,,,,,0.008,,,,,,,,,,,,,,,,,,,,,,,,,,,,,,,,,,,,,,,,,,,,,,,,,,,,,,,,,,,,,,,,,,,,,,,,,,,,,,,,,,,,,,,,,,,,,,
6419,1XU6A,16,GLU,ALA,PRO,LYS,HIS,LYS,GLN,THR,LEU,VAL,GLU,LEU,MET,HIS,SER,,,,,,,SER,GLN,GLN,GLN,ALA,ALA,GLU,THR,GLU,GLY,SER,CYS,ASN,LYS,LYS,ASP,GLN,ASN,GLU,CYS,8.36,4.21,,56.95,30.58,119.46,2.0,1.87,,,,,,,2.19,,,36.4,,,,,,,,,,,,,,,,,,,,,,,,,,,,,,,,,,,,,,,,,,,,,,,,,,,,,,,,,,,,,,,,,,,,,,,,,,,,,,,,,,,,,,,,,,,,,0.001,0.003,,0.01,0.02,0.05,0.004,0.002,,,,,,,0.004,,,0.01,,,,,,,,,,,,,,,,,,,,,,,,,,,,,,,,,,,,,,,,,,,,,,,,,,,,,,,,,,,,,,,,,,,,,,,,,,,,,,,,,,,,,,,,,,,,
6419,1XU6A,17,SER,GLU,ALA,PRO,LYS,HIS,LYS,GLN,THR,LEU,VAL,GLU,LEU,MET,HIS,SER,,,,,,GLN,GLN,GLN,ALA,ALA,GLU,THR,GLU,GLY,SER,CYS,ASN,LYS,LYS,ASP,GLN,ASN,GLU,CYS,LYS,8.24,4.35,,58.61,64.17,115.93,,3.8,,,,,,,,,,,,,,,,,,,,,,,,,,,,,,,,,,,,,,,,,,,,,,,,,,,,,,,,,,,,,,,,,,,,,,,,,,,,,,,,,,,,,,,,,,,,,,,,,,,,,,,0.002,0.011,,0.09,0.03,0.05,,0.009000000000000001,,,,,,,,,,,,,,,,,,,,,,,,,,,,,,,,,,,,,,,,,,,,,,,,,,,,,,,,,,,,,,,,,,,,,,,,,,,,,,,,,,,,,,,,,,,,,,,,,,,,,,
6419,1XU6A,18,GLN,SER,GLU,ALA,PRO,LYS,HIS,LYS,GLN,THR,LEU,VAL,GLU,LEU,MET,HIS,SER,,,,,GLN,GLN,ALA,ALA,GLU,THR,GLU,GLY,SER,CYS,ASN,LYS,LYS,ASP,GLN,ASN,GLU,CYS,LYS,SER,8.34,4.25,,56.28,29.83,121.55,2.01,1.91,,,,,,,2.19,,,34.42,,,,,,2.29,,,,,,,,,,,,,,,,,,,,,,,,,,,,,,,,,,,,,,,,,,,,,,,,,,,,,,,,,,,,,,,,,,,,,,,,,,,,,,,,,,,,,,,0.003,0.009000000000000001,,0.09,0.04,0.03,0.002,0.002,,,,,,,0.001,,,0.03,,,,,,0.006,,,,,,,,,,,,,,,,,,,,,,,,,,,,,,,,,,,,,,,,,,,,,,,,,,,,,,,,,,,,,,,,,,,,,,,,,,,,,,,,,,,,,,
6419,1XU6A,19,GLN,GLN,SER,GLU,ALA,PRO,LYS,HIS,LYS,GLN,THR,LEU,VAL,GLU,LEU,MET,HIS,SER,,,,GLN,ALA,ALA,GLU,THR,GLU,GLY,SER,CYS,ASN,LYS,LYS,ASP,GLN,ASN,GLU,CYS,LYS,SER,PRO,8.3,4.22,,56.13,29.72,120.9,1.99,1.92,,,,,,,2.29,,,34.03,,,,,,,,,,,,,,,,,,,,,,,,,,,,,,,,,,,,,,,,,,,,,,,,,,,,,,,,,,,,,,,,,,,,,,,,,,,,,,,,,,,,,,,,,,,,,0.001,0.011,,0.07,0.01,0.01,0.009000000000000001,0.009000000000000001,,,,,,,0.002,,,0.05,,,,,,,,,,,,,,,,,,,,,,,,,,,,,,,,,,,,,,,,,,,,,,,,,,,,,,,,,,,,,,,,,,,,,,,,,,,,,,,,,,,,,,,,,,,,
6419,1XU6A,20,GLN,GLN,GLN,SER,GLU,ALA,PRO,LYS,HIS,LYS,GLN,THR,LEU,VAL,GLU,LEU,MET,HIS,SER,,,ALA,ALA,GLU,THR,GLU,GLY,SER,CYS,ASN,LYS,LYS,ASP,GLN,ASN,GLU,CYS,LYS,SER,PRO,CYS,8.36,4.24,,56.02,29.96,121.55,2.02,1.91,,,,,,,2.29,,,33.91,,,,,,,,,,,,,,,,,,,,,,,,,,,,,,,,,,,,,,,,,,,,,,,,,,,,,,,,,,,,,,,,,,,,,,,,,,,,,,,,,,,,,,,,,,,,,0.003,0.01,,0.01,0.01,0.06,0.014,0.002,,,,,,,0.003,,,0.01,,,,,,,,,,,,,,,,,,,,,,,,,,,,,,,,,,,,,,,,,,,,,,,,,,,,,,,,,,,,,,,,,,,,,,,,,,,,,,,,,,,,,,,,,,,,
6419,1XU6A,21,ALA,GLN,GLN,GLN,SER,GLU,ALA,PRO,LYS,HIS,LYS,GLN,THR,LEU,VAL,GLU,LEU,MET,HIS,SER,,ALA,GLU,THR,GLU,GLY,SER,CYS,ASN,LYS,LYS,ASP,GLN,ASN,GLU,CYS,LYS,SER,PRO,CYS,LYS,8.3,4.22,,52.56,19.7,125.35,,,,,,,,,,1.31,,,,,,,,,,,,,,,,,,,,,,,,,,,,,,,,,,,,,,,,,,,,,,,,,,,,,,,,,,,,,,,,,,,,,,,,,,,,,,,,,,,,,,,,,,,,,,,0.002,0.004,,0.07,0.06,0.04,,,,,,,,,,0.002,,,,,,,,,,,,,,,,,,,,,,,,,,,,,,,,,,,,,,,,,,,,,,,,,,,,,,,,,,,,,,,,,,,,,,,,,,,,,,,,,,,,,,,,,,,,,,
6419,1XU6A,22,ALA,ALA,GLN,GLN,GLN,SER,GLU,ALA,PRO,LYS,HIS,LYS,GLN,THR,LEU,VAL,GLU,LEU,MET,HIS,SER,GLU,THR,GLU,GLY,SER,CYS,ASN,LYS,LYS,ASP,GLN,ASN,GLU,CYS,LYS,SER,PRO,CYS,LYS,TRP,8.16,4.28,,52.48,19.76,123.23,,,,,,,,,,1.31,,,,,,,,,,,,,,,,,,,,,,,,,,,,,,,,,,,,,,,,,,,,,,,,,,,,,,,,,,,,,,,,,,,,,,,,,,,,,,,,,,,,,,,,,,,,,,,0.002,0.004,,0.01,0.02,0.03,,,,,,,,,,0.005,,,,,,,,,,,,,,,,,,,,,,,,,,,,,,,,,,,,,,,,,,,,,,,,,,,,,,,,,,,,,,,,,,,,,,,,,,,,,,,,,,,,,,,,,,,,,,
6419,1XU6A,23,GLU,ALA,ALA,GLN,GLN,GLN,SER,GLU,ALA,PRO,LYS,HIS,LYS,GLN,THR,LEU,VAL,GLU,LEU,MET,HIS,THR,GLU,GLY,SER,CYS,ASN,LYS,LYS,ASP,GLN,ASN,GLU,CYS,LYS,SER,PRO,CYS,LYS,TRP,HIS,8.08,4.39,,55.54,31.18,118.72,2.15,1.45,,,,,,,2.25,,,35.35,,,,,,,,,,,,,,,,,,,,,,,,,,,,,,,,,,,,,,,,,,,,,,,,,,,,,,,,,,,,,,,,,,,,,,,,,,,,,,,,,,,,,,,,,,,,,0.003,0.008,,0.09,0.07,0.04,0.005,0.003,,,,,,,0.01,,,0.07,,,,,,,,,,,,,,,,,,,,,,,,,,,,,,,,,,,,,,,,,,,,,,,,,,,,,,,,,,,,,,,,,,,,,,,,,,,,,,,,,,,,,,,,,,,,
6419,1XU6A,24,THR,GLU,ALA,ALA,GLN,GLN,GLN,SER,GLU,ALA,PRO,LYS,HIS,LYS,GLN,THR,LEU,VAL,GLU,LEU,MET,GLU,GLY,SER,CYS,ASN,LYS,LYS,ASP,GLN,ASN,GLU,CYS,LYS,SER,PRO,CYS,LYS,TRP,HIS,ASN,9.04,4.5,,59.73,73.39,111.4,,,,,,,,,1.13,4.51,22.11,,,,,,,,,,,,,,,,,,,,,,,,,,,,,,,,,,,,,,,,,,,,,,,,,,,,,,,,,,,,,,,,,,,,,,,,,,,,,,,,,,,,,,,,,,,,,,0.008,0.005,,0.08,0.09,0.03,,,,,,,,,0.006,0.001,0.01,,,,,,,,,,,,,,,,,,,,,,,,,,,,,,,,,,,,,,,,,,,,,,,,,,,,,,,,,,,,,,,,,,,,,,,,,,,,,,,,,,,,,,,,,,,,,
6419,1XU6A,25,GLU,THR,GLU,ALA,ALA,GLN,GLN,GLN,SER,GLU,ALA,PRO,LYS,HIS,LYS,GLN,THR,LEU,VAL,GLU,LEU,GLY,SER,CYS,ASN,LYS,LYS,ASP,GLN,ASN,GLU,CYS,LYS,SER,PRO,CYS,LYS,TRP,HIS,ASN,ASP,9.01,3.94,,60.33,,121.6,2.09,1.78,,,,,,,2.2,,,34.76,,,,,,2.35,,,,,,,,,,,,,,,,,,,,,,,,,,,,,,,,,,,,,,,,,,,,,,,,,,,,,,,,,,,,,,,,,,,,,,,,,,,,,,,,,,,,,,,0.002,0.009000000000000001,,0.12,,0.05,0.004,0.004,,,,,,,0.008,,,0.02,,,,,,0.005,,,,,,,,,,,,,,,,,,,,,,,,,,,,,,,,,,,,,,,,,,,,,,,,,,,,,,,,,,,,,,,,,,,,,,,,,,,,,,,,,,,,,,
6419,1XU6A,26,GLY,GLU,THR,GLU,ALA,ALA,GLN,GLN,GLN,SER,GLU,ALA,PRO,LYS,HIS,LYS,GLN,THR,LEU,VAL,GLU,SER,CYS,ASN,LYS,LYS,ASP,GLN,ASN,GLU,CYS,LYS,SER,PRO,CYS,LYS,TRP,HIS,ASN,ASP,ALA,8.32,,,47.09,,102.66,,,,,,,,,,,,,,,,,,,,,3.69,3.75,,,,,,,,,,,,,,,,,,,,,,,,,,,,,,,,,,,,,,,,,,,,,,,,,,,,,,,,,,,,,,,,,,,,,,,,,,,,,,,,,,,0.006,,,0.01,,0.07,,,,,,,,,,,,,,,,,,,,,0.003,0.011,,,,,,,,,,,,,,,,,,,,,,,,,,,,,,,,,,,,,,,,,,,,,,,,,,,,,,,,,,,,,,,,,,,,,,,,,,,,,,,,,,
6419,1XU6A,27,SER,GLY,GLU,THR,GLU,ALA,ALA,GLN,GLN,GLN,SER,GLU,ALA,PRO,LYS,HIS,LYS,GLN,THR,LEU,VAL,CYS,ASN,LYS,LYS,ASP,GLN,ASN,GLU,CYS,LYS,SER,PRO,CYS,LYS,TRP,HIS,ASN,ASP,ALA,GLU,8.14,4.15,,62.25,62.51,118.27,4.01,3.81,,,,,,,,,,,,,,,,,,,,,,,,,,,,,,,,,,,,,,,,,,,,,,,,,,,,,,,,,,,,,,,,,,,,,,,,,,,,,,,,,,,,,,,,,,,,,,,,,,,,,,,0.004,0.006999999999999999,,0.01,0.01,0.04,0.017,0.016,,,,,,,,,,,,,,,,,,,,,,,,,,,,,,,,,,,,,,,,,,,,,,,,,,,,,,,,,,,,,,,,,,,,,,,,,,,,,,,,,,,,,,,,,,,,,,,,,,,,,,
6419,1XU6A,28,CYS,SER,GLY,GLU,THR,GLU,ALA,ALA,GLN,GLN,GLN,SER,GLU,ALA,PRO,LYS,HIS,LYS,GLN,THR,LEU,ASN,LYS,LYS,ASP,GLN,ASN,GLU,CYS,LYS,SER,PRO,CYS,LYS,TRP,HIS,ASN,ASP,ALA,GLU,ASN,8.59,4.29,,57.84,36.39,123.51,,2.7,,,,,,,,,,,,,,,,,,,,,,,,,,,,,,,,,,,,,,,,,,,,,,,,,,,,,,,,,,,,,,,,,,,,,,,,,,,,,,,,,,,,,,,,,,,,,,,,,,,,,,,0.003,0.005,,0.01,0.03,0.06,,0.004,,,,,,,,,,,,,,,,,,,,,,,,,,,,,,,,,,,,,,,,,,,,,,,,,,,,,,,,,,,,,,,,,,,,,,,,,,,,,,,,,,,,,,,,,,,,,,,,,,,,,,
6419,1XU6A,29,ASN,CYS,SER,GLY,GLU,THR,GLU,ALA,ALA,GLN,GLN,GLN,SER,GLU,ALA,PRO,LYS,HIS,LYS,GLN,THR,LYS,LYS,ASP,GLN,ASN,GLU,CYS,LYS,SER,PRO,CYS,LYS,TRP,HIS,ASN,ASP,ALA,GLU,ASN,LYS,8.57,4.85,,55.76,40.06,114.69,,2.82,,,,,,,,,,,,,,,,,,,,,,,,,,,,7.77,112.37,8.22,,,,,,,,,,,,,,,,,,,,,,,,,,,,,,,,,,,,,,,,,,,,,,,,,,,,,,,,,,,,,,,,,,,,,,,,,0.002,0.006999999999999999,,0.07,0.05,0.03,,0.023,,,,,,,,,,,,,,,,,,,,,,,,,,,,0.026,0.71,0.006999999999999999,,,,,,,,,,,,,,,,,,,,,,,,,,,,,,,,,,,,,,,,,,,,,,,,,,,,,,,,,,,,,,,,,,,,,,,,
6419,1XU6A,30,LYS,ASN,CYS,SER,GLY,GLU,THR,GLU,ALA,ALA,GLN,GLN,GLN,SER,GLU,ALA,PRO,LYS,HIS,LYS,GLN,LYS,ASP,GLN,ASN,GLU,CYS,LYS,SER,PRO,CYS,LYS,TRP,HIS,ASN,ASP,ALA,GLU,ASN,LYS,LYS,6.97,4.21,,57.19,33.71,116.02,2.0,1.73,,,,,,,1.43,,,25.13,,42.33,1.62,29.38,,1.63,,,,,,,,,,,,,,,,,,,,,,,,,,,,,,,,,,,,,,,,,,,,,,,,,,,,,,,,,,,,,,,,,,,,,,,,,,,,,,,,,,,,,,,0.005,0.006999999999999999,,0.01,0.01,0.05,0.004,0.006,,,,,,,0.016,,,0.04,,0.01,0.011,0.0,,0.003,,,,,,,,,,,,,,,,,,,,,,,,,,,,,,,,,,,,,,,,,,,,,,,,,,,,,,,,,,,,,,,,,,,,,,,,,,,,,,,,,,,,,,
6419,1XU6A,31,LYS,LYS,ASN,CYS,SER,GLY,GLU,THR,GLU,ALA,ALA,GLN,GLN,GLN,SER,GLU,ALA,PRO,LYS,HIS,LYS,ASP,GLN,ASN,GLU,CYS,LYS,SER,PRO,CYS,LYS,TRP,HIS,ASN,ASP,ALA,GLU,ASN,LYS,LYS,CYS,7.78,4.28,,57.55,34.74,120.19,2.49,1.58,,,,,,,1.34,,,26.42,2.82,43.14,1.57,29.97,,1.76,,,,,,1.77,,,,,,,,,,,,,,,,,3.05,,,,,,,,,,,,,,,,,,,,,,,,,,,,,,,,,,,,,,,,,,,,,,,,,,,,,,,,,,,,,,,,0.003,0.005,,0.04,0.07,0.05,0.006999999999999999,0.011,,,,,,,0.002,,,0.03,0.004,0.02,0.002,0.02,,0.008,,,,,,0.002,,,,,,,,,,,,,,,,,0.003,,,,,,,,,,,,,,,,,,,,,,,,,,,,,,,,,,,,,,,,,,,,,,,,,,,,,,,,,,,,,,,
6419,1XU6A,32,ASP,LYS,LYS,ASN,CYS,SER,GLY,GLU,THR,GLU,ALA,ALA,GLN,GLN,GLN,SER,GLU,ALA,PRO,LYS,HIS,GLN,ASN,GLU,CYS,LYS,SER,PRO,CYS,LYS,TRP,HIS,ASN,ASP,ALA,GLU,ASN,LYS,LYS,CYS,THR,8.31,4.71,,52.58,41.63,120.33,2.81,2.71,,,,,,,,,,,,,,,,,,,,,,,,,,,,,,,,,,,,,,,,,,,,,,,,,,,,,,,,,,,,,,,,,,,,,,,,,,,,,,,,,,,,,,,,,,,,,,,,,,,,,,,0.001,0.008,,0.02,0.06,0.07,0.003,0.003,,,,,,,,,,,,,,,,,,,,,,,,,,,,,,,,,,,,,,,,,,,,,,,,,,,,,,,,,,,,,,,,,,,,,,,,,,,,,,,,,,,,,,,,,,,,,,,,,,,,,,
6419,1XU6A,33,GLN,ASP,LYS,LYS,ASN,CYS,SER,GLY,GLU,THR,GLU,ALA,ALA,GLN,GLN,GLN,SER,GLU,ALA,PRO,LYS,ASN,GLU,CYS,LYS,SER,PRO,CYS,LYS,TRP,HIS,ASN,ASP,ALA,GLU,ASN,LYS,LYS,CYS,THR,LEU,7.85,2.33,,60.46,27.74,118.31,1.01,0.4,,,,,,,0.51,,,32.01,,,,,,1.38,,,,,,,6.52,109.41,6.9,,,,,,,,,,,,,,,,,,,,,,,,,,,,,,,,,,,,,,,,,,,,,,,,,,,,,,,,,,,,,,,,,,,,,,,,,,,,,,0.006,0.006999999999999999,,0.11,0.11,0.04,0.008,0.009000000000000001,,,,,,,0.012,,,0.01,,,,,,0.004,,,,,,,0.0,0.0,0.0,,,,,,,,,,,,,,,,,,,,,,,,,,,,,,,,,,,,,,,,,,,,,,,,,,,,,,,,,,,,,,,,,,,,,,,,,,,,,
6419,1XU6A,34,ASN,GLN,ASP,LYS,LYS,ASN,CYS,SER,GLY,GLU,THR,GLU,ALA,ALA,GLN,GLN,GLN,SER,GLU,ALA,PRO,GLU,CYS,LYS,SER,PRO,CYS,LYS,TRP,HIS,ASN,ASP,ALA,GLU,ASN,LYS,LYS,CYS,THR,LEU,ASP,8.03,4.09,,55.68,38.21,113.89,2.68,2.58,,,,,,,,,,,,,,,,,,,,,,,,,,,,6.78,113.44,7.6,,,,,,,,,,,,,,,,,,,,,,,,,,,,,,,,,,,,,,,,,,,,,,,,,,,,,,,,,,,,,,,,,,,,,,,,,0.006,0.01,,0.08,0.01,0.07,0.004,0.003,,,,,,,,,,,,,,,,,,,,,,,,,,,,0.002,0.04,0.002,,,,,,,,,,,,,,,,,,,,,,,,,,,,,,,,,,,,,,,,,,,,,,,,,,,,,,,,,,,,,,,,,,,,,,,,
6419,1XU6A,35,GLU,ASN,GLN,ASP,LYS,LYS,ASN,CYS,SER,GLY,GLU,THR,GLU,ALA,ALA,GLN,GLN,GLN,SER,GLU,ALA,CYS,LYS,SER,PRO,CYS,LYS,TRP,HIS,ASN,ASP,ALA,GLU,ASN,LYS,LYS,CYS,THR,LEU,ASP,LYS,7.39,4.25,,55.74,31.18,115.19,,1.88,,,,,,,2.13,,,36.54,,,,,,2.26,,,,,,,,,,,,,,,,,,,,,,,,,,,,,,,,,,,,,,,,,,,,,,,,,,,,,,,,,,,,,,,,,,,,,,,,,,,,,,,,,,,,,,,0.005,0.008,,0.02,0.03,0.04,,0.009000000000000001,,,,,,,0.009000000000000001,,,0.02,,,,,,0.005,,,,,,,,,,,,,,,,,,,,,,,,,,,,,,,,,,,,,,,,,,,,,,,,,,,,,,,,,,,,,,,,,,,,,,,,,,,,,,,,,,,,,,
6419,1XU6A,36,CYS,GLU,ASN,GLN,ASP,LYS,LYS,ASN,CYS,SER,GLY,GLU,THR,GLU,ALA,ALA,GLN,GLN,GLN,SER,GLU,LYS,SER,PRO,CYS,LYS,TRP,HIS,ASN,ASP,ALA,GLU,ASN,LYS,LYS,CYS,THR,LEU,ASP,LYS,GLU,7.46,4.24,,57.62,41.13,121.66,3.31,2.86,,,,,,,,,,,,,,,,,,,,,,,,,,,,,,,,,,,,,,,,,,,,,,,,,,,,,,,,,,,,,,,,,,,,,,,,,,,,,,,,,,,,,,,,,,,,,,,,,,,,,,,0.003,0.006999999999999999,,0.1,0.01,0.04,0.005,0.006999999999999999,,,,,,,,,,,,,,,,,,,,,,,,,,,,,,,,,,,,,,,,,,,,,,,,,,,,,,,,,,,,,,,,,,,,,,,,,,,,,,,,,,,,,,,,,,,,,,,,,,,,,,
6419,1XU6A,37,LYS,CYS,GLU,ASN,GLN,ASP,LYS,LYS,ASN,CYS,SER,GLY,GLU,THR,GLU,ALA,ALA,GLN,GLN,GLN,SER,SER,PRO,CYS,LYS,TRP,HIS,ASN,ASP,ALA,GLU,ASN,LYS,LYS,CYS,THR,LEU,ASP,LYS,GLU,GLU,7.52,4.57,,54.28,35.83,126.59,1.86,1.59,,,,,,,1.02,,,24.78,2.81,42.53,1.56,29.22,,1.18,,,,,,,,,,,,,,,,,,,,,,,2.89,,,,,,,,,,,,,,,,,,,,,,,,,,,,,,,,,,,,,,,,,,,,,,,,,,,,,,,,,,,,,,,,0.005,0.01,,0.01,0.08,0.07,0.002,0.004,,,,,,,0.0,,,0.01,0.001,0.01,0.011,0.08,,0.0,,,,,,,,,,,,,,,,,,,,,,,0.0,,,,,,,,,,,,,,,,,,,,,,,,,,,,,,,,,,,,,,,,,,,,,,,,,,,,,,,,,,,,,,,
6419,1XU6A,38,SER,LYS,CYS,GLU,ASN,GLN,ASP,LYS,LYS,ASN,CYS,SER,GLY,GLU,THR,GLU,ALA,ALA,GLN,GLN,GLN,PRO,CYS,LYS,TRP,HIS,ASN,ASP,ALA,GLU,ASN,LYS,LYS,CYS,THR,LEU,ASP,LYS,GLU,GLU,ALA,8.47,4.63,,58.42,63.25,,3.85,3.76,,,,,,,,,,,,,,,,,,,,,,,,,,,,,,,,,,,,,,,,,,,,,,,,,,,,,,,,,,,,,,,,,,,,,,,,,,,,,,,,,,,,,,,,,,,,,,,,,,,,,,,0.003,0.015,,0.12,0.02,,0.001,0.003,,,,,,,,,,,,,,,,,,,,,,,,,,,,,,,,,,,,,,,,,,,,,,,,,,,,,,,,,,,,,,,,,,,,,,,,,,,,,,,,,,,,,,,,,,,,,,,,,,,,,,
6419,1XU6A,39,PRO,SER,LYS,CYS,GLU,ASN,GLN,ASP,LYS,LYS,ASN,CYS,SER,GLY,GLU,THR,GLU,ALA,ALA,GLN,GLN,CYS,LYS,TRP,HIS,ASN,ASP,ALA,GLU,ASN,LYS,LYS,CYS,THR,LEU,ASP,LYS,GLU,GLU,ALA,LYS,,4.75,,64.69,33.74,,,2.28,,,,,,,1.41,,,25.5,,,3.5,50.73,,2.04,,,,,,,,,,,,,,,,,,,,,,,,,,,,,,,,,,,,,,,,,,,,,,,,,,,,,,,,,,,,,,,,,,,,,,,,,,,,,,,,,,,,,,,,0.006999999999999999,,0.11,0.04,,,0.01,,,,,,,0.006,,,0.04,,,0.008,0.12,,0.011,,,,,,,,,,,,,,,,,,,,,,,,,,,,,,,,,,,,,,,,,,,,,,,,,,,,,,,,,,,,,,,,,,,,,,,,,,,,,,,,,,,,,,
6419,1XU6A,40,CYS,PRO,SER,LYS,CYS,GLU,ASN,GLN,ASP,LYS,LYS,ASN,CYS,SER,GLY,GLU,THR,GLU,ALA,ALA,GLN,LYS,TRP,HIS,ASN,ASP,ALA,GLU,ASN,LYS,LYS,CYS,THR,LEU,ASP,LYS,GLU,GLU,ALA,LYS,LYS,8.83,5.19,,54.19,39.53,125.6,3.45,2.57,,,,,,,,,,,,,,,,,,,,,,,,,,,,,,,,,,,,,,,,,,,,,,,,,,,,,,,,,,,,,,,,,,,,,,,,,,,,,,,,,,,,,,,,,,,,,,,,,,,,,,,0.003,0.006,,0.1,0.04,0.05,0.006,0.006,,,,,,,,,,,,,,,,,,,,,,,,,,,,,,,,,,,,,,,,,,,,,,,,,,,,,,,,,,,,,,,,,,,,,,,,,,,,,,,,,,,,,,,,,,,,,,,,,,,,,,
6419,1XU6A,41,LYS,CYS,PRO,SER,LYS,CYS,GLU,ASN,GLN,ASP,LYS,LYS,ASN,CYS,SER,GLY,GLU,THR,GLU,ALA,ALA,TRP,HIS,ASN,ASP,ALA,GLU,ASN,LYS,LYS,CYS,THR,LEU,ASP,LYS,GLU,GLU,ALA,LYS,LYS,VAL,9.49,4.39,,55.81,36.84,121.4,,1.53,,,,,,,1.02,,,24.81,2.81,42.46,1.53,29.29,,1.15,,,,,,,,,,,,,,,,,,,,,,,,,,,,,,,,,,,,,,,,,,,,,,,,,,,,,,,,,,,,,,,,,,,,,,,,,,,,,,,,,,,,,,,0.002,0.006,,0.07,0.02,0.04,,0.016,,,,,,,0.003,,,0.01,0.002,0.01,0.014,0.01,,0.008,,,,,,,,,,,,,,,,,,,,,,,,,,,,,,,,,,,,,,,,,,,,,,,,,,,,,,,,,,,,,,,,,,,,,,,,,,,,,,,,,,,,,,
6419,1XU6A,42,TRP,LYS,CYS,PRO,SER,LYS,CYS,GLU,ASN,GLN,ASP,LYS,LYS,ASN,CYS,SER,GLY,GLU,THR,GLU,ALA,HIS,ASN,ASP,ALA,GLU,ASN,LYS,LYS,CYS,THR,LEU,ASP,LYS,GLU,GLU,ALA,LYS,LYS,VAL,ALA,8.65,5.09,,56.81,31.61,126.65,3.12,2.97,,,,9.95,,,,,,,,,,,,,,,,,,,,,,,,,,,128.64,,,,,,,,,,,,,,,,,,,,,,,,,,,,,,,,,,,,,,,,,,,,,,,,,,,,,,,,,,,,,,,,,,,,,,,,0.006,0.01,,0.1,0.1,0.08,0.002,0.006,,,,0.0,,,,,,,,,,,,,,,,,,,,,,,,,,,0.0,,,,,,,,,,,,,,,,,,,,,,,,,,,,,,,,,,,,,,,,,,,,,,,,,,,,,,,,,,,,,,,,,,,,,,,
6419,1XU6A,43,HIS,TRP,LYS,CYS,PRO,SER,LYS,CYS,GLU,ASN,GLN,ASP,LYS,LYS,ASN,CYS,SER,GLY,GLU,THR,GLU,ASN,ASP,ALA,GLU,ASN,LYS,LYS,CYS,THR,LEU,ASP,LYS,GLU,GLU,ALA,LYS,LYS,VAL,ALA,ASP,8.57,4.56,,54.28,29.63,127.65,,2.86,,,,,,,,,,,,,,,,,,,,,,,,,,,,,,,,,,,,,,,,,,,,,,,,,,,,,,,,,,,,,,,,,,,,,,,,,,,,,,,,,,,,,,,,,,,,,,,,,,,,,,,0.003,0.002,,0.01,0.14,0.04,,0.063,,,,,,,,,,,,,,,,,,,,,,,,,,,,,,,,,,,,,,,,,,,,,,,,,,,,,,,,,,,,,,,,,,,,,,,,,,,,,,,,,,,,,,,,,,,,,,,,,,,,,,
6419,1XU6A,44,ASN,HIS,TRP,LYS,CYS,PRO,SER,LYS,CYS,GLU,ASN,GLN,ASP,LYS,LYS,ASN,CYS,SER,GLY,GLU,THR,ASP,ALA,GLU,ASN,LYS,LYS,CYS,THR,LEU,ASP,LYS,GLU,GLU,ALA,LYS,LYS,VAL,ALA,ASP,GLU,8.61,4.46,,,,,,2.57,,,,,,,,,,,,,,,,,,,,,,,,,,,,,,,,,,,,,,,,,,,,,,,,,,,,,,,,,,,,,,,,,,,,,,,,,,,,,,,,,,,,,,,,,,,,,,,,,,,,,,,0.006999999999999999,0.006999999999999999,,,,,,0.001,,,,,,,,,,,,,,,,,,,,,,,,,,,,,,,,,,,,,,,,,,,,,,,,,,,,,,,,,,,,,,,,,,,,,,,,,,,,,,,,,,,,,,,,,,,,,,,,,,,,,,
6419,1XU6A,45,ASP,ASN,HIS,TRP,LYS,CYS,PRO,SER,LYS,CYS,GLU,ASN,GLN,ASP,LYS,LYS,ASN,CYS,SER,GLY,GLU,ALA,GLU,ASN,LYS,LYS,CYS,THR,LEU,ASP,LYS,GLU,GLU,ALA,LYS,LYS,VAL,ALA,ASP,GLU,THR,,4.6,,,,,,,,,,,,,,,,,,,,,,,,,,,,,,,,,,,,,,,,,,,,,,,,,,,,,,,,,,,,,,,,,,,,,,,,,,,,,,,,,,,,,,,,,,,,,,,,,,,,,,,,,,,,,,0.0,,,,,,,,,,,,,,,,,,,,,,,,,,,,,,,,,,,,,,,,,,,,,,,,,,,,,,,,,,,,,,,,,,,,,,,,,,,,,,,,,,,,,,,,,,,,,,,,,,,,,,,,,,,,
6419,1XU6A,46,ALA,ASP,ASN,HIS,TRP,LYS,CYS,PRO,SER,LYS,CYS,GLU,ASN,GLN,ASP,LYS,LYS,ASN,CYS,SER,GLY,GLU,ASN,LYS,LYS,CYS,THR,LEU,ASP,LYS,GLU,GLU,ALA,LYS,LYS,VAL,ALA,ASP,GLU,THR,ALA,,4.02,,53.38,19.54,,,,,,,,,,,1.22,,,,,,,,,,,,,,,,,,,,,,,,,,,,,,,,,,,,,,,,,,,,,,,,,,,,,,,,,,,,,,,,,,,,,,,,,,,,,,,,,,,,,,,,,,,,,,,,0.01,,0.13,0.1,,,,,,,,,,,0.003,,,,,,,,,,,,,,,,,,,,,,,,,,,,,,,,,,,,,,,,,,,,,,,,,,,,,,,,,,,,,,,,,,,,,,,,,,,,,,,,,,,,,,,,,,,,,,
6419,1XU6A,47,GLU,ALA,ASP,ASN,HIS,TRP,LYS,CYS,PRO,SER,LYS,CYS,GLU,ASN,GLN,ASP,LYS,LYS,ASN,CYS,SER,ASN,LYS,LYS,CYS,THR,LEU,ASP,LYS,GLU,GLU,ALA,LYS,LYS,VAL,ALA,ASP,GLU,THR,ALA,LYS,8.45,4.05,,57.9,30.37,117.78,1.95,1.86,,,,,,,2.13,,,36.39,,,,,,,,,,,,,,,,,,,,,,,,,,,,,,,,,,,,,,,,,,,,,,,,,,,,,,,,,,,,,,,,,,,,,,,,,,,,,,,,,,,,,,,,,,,,,0.004,0.011,,0.01,0.12,0.06,0.002,0.02,,,,,,,0.002,,,0.01,,,,,,,,,,,,,,,,,,,,,,,,,,,,,,,,,,,,,,,,,,,,,,,,,,,,,,,,,,,,,,,,,,,,,,,,,,,,,,,,,,,,,,,,,,,,
6419,1XU6A,48,ASN,GLU,ALA,ASP,ASN,HIS,TRP,LYS,CYS,PRO,SER,LYS,CYS,GLU,ASN,GLN,ASP,LYS,LYS,ASN,CYS,LYS,LYS,CYS,THR,LEU,ASP,LYS,GLU,GLU,ALA,LYS,LYS,VAL,ALA,ASP,GLU,THR,ALA,LYS,ASP,7.95,4.62,,53.33,40.2,115.73,2.64,2.59,,,,,,,,,,,,,,,,,,,,,,,,,,,,6.82,113.32,7.56,,,,,,,,,,,,,,,,,,,,,,,,,,,,,,,,,,,,,,,,,,,,,,,,,,,,,,,,,,,,,,,,,,,,,,,,,0.005,0.006999999999999999,,0.11,0.04,0.07,0.0,0.0,,,,,,,,,,,,,,,,,,,,,,,,,,,,0.005,0.2,0.002,,,,,,,,,,,,,,,,,,,,,,,,,,,,,,,,,,,,,,,,,,,,,,,,,,,,,,,,,,,,,,,,,,,,,,,,
6419,1XU6A,49,LYS,ASN,GLU,ALA,ASP,ASN,HIS,TRP,LYS,CYS,PRO,SER,LYS,CYS,GLU,ASN,GLN,ASP,LYS,LYS,ASN,LYS,CYS,THR,LEU,ASP,LYS,GLU,GLU,ALA,LYS,LYS,VAL,ALA,ASP,GLU,THR,ALA,LYS,ASP,GLY,8.07,4.14,,55.93,32.17,120.3,1.79,1.72,,,,,,,1.28,,,25.07,2.92,42.49,1.6,29.43,,1.32,,,,,,1.66,,,,,,,,,,,,,,,,,,,,,,,,,,,,,,,,,,,,,,,,,,,,,,,,,,,,,,,,,,,,,,,,,,,,,,,,,,,,,,,,,0.003,0.003,,0.04,0.0,0.04,0.0,0.0,,,,,,,0.003,,,0.0,0.01,0.02,0.002,0.07,,0.004,,,,,,0.01,,,,,,,,,,,,,,,,,,,,,,,,,,,,,,,,,,,,,,,,,,,,,,,,,,,,,,,,,,,,,,,,,,,,,,,,,,,,,,,,
6419,1XU6A,50,LYS,LYS,ASN,GLU,ALA,ASP,ASN,HIS,TRP,LYS,CYS,PRO,SER,LYS,CYS,GLU,ASN,GLN,ASP,LYS,LYS,CYS,THR,LEU,ASP,LYS,GLU,GLU,ALA,LYS,LYS,VAL,ALA,ASP,GLU,THR,ALA,LYS,ASP,GLY,LYS,7.58,3.69,,57.58,32.33,,,,,,,,,,0.93,,,25.22,2.8,42.75,1.42,29.81,,1.01,,,,,,,,,,,,,,,,,,,,,,,,,,,,,,,,,,,,,,,,,,,,,,,,,,,,,,,,,,,,,,,,,,,,,,,,,,,,,,,,,,,,,,,0.002,0.006999999999999999,,0.06,0.0,,,,,,,,,,0.003,,,0.05,0.005,0.01,0.004,0.05,,0.006999999999999999,,,,,,,,,,,,,,,,,,,,,,,,,,,,,,,,,,,,,,,,,,,,,,,,,,,,,,,,,,,,,,,,,,,,,,,,,,,,,,,,,,,,,,
6419,1XU6A,51,CYS,LYS,LYS,ASN,GLU,ALA,ASP,ASN,HIS,TRP,LYS,CYS,PRO,SER,LYS,CYS,GLU,ASN,GLN,ASP,LYS,THR,LEU,ASP,LYS,GLU,GLU,ALA,LYS,LYS,VAL,ALA,ASP,GLU,THR,ALA,LYS,ASP,GLY,LYS,THR,,5.33,,55.23,41.44,,3.88,3.04,,,,,,,,,,,,,,,,,,,,,,,,,,,,,,,,,,,,,,,,,,,,,,,,,,,,,,,,,,,,,,,,,,,,,,,,,,,,,,,,,,,,,,,,,,,,,,,,,,,,,,,,0.006999999999999999,,0.0,0.01,,0.001,0.003,,,,,,,,,,,,,,,,,,,,,,,,,,,,,,,,,,,,,,,,,,,,,,,,,,,,,,,,,,,,,,,,,,,,,,,,,,,,,,,,,,,,,,,,,,,,,,,,,,,,,,
6419,1XU6A,52,THR,CYS,LYS,LYS,ASN,GLU,ALA,ASP,ASN,HIS,TRP,LYS,CYS,PRO,SER,LYS,CYS,GLU,ASN,GLN,ASP,LEU,ASP,LYS,GLU,GLU,ALA,LYS,LYS,VAL,ALA,ASP,GLU,THR,ALA,LYS,ASP,GLY,LYS,THR,GLY,8.86,4.55,,59.65,71.67,119.49,,,,,,,,,0.88,4.42,20.76,,,,,,,,,,,,,,,,,,,,,,,,,,,,,,,,,,,,,,,,,,,,,,,,,,,,,,,,,,,,,,,,,,,,,,,,,,,,,,,,,,,,,,,,,,,,,,0.003,0.016,,0.11,0.07,0.06,,,,,,,,,0.005,0.006,0.01,,,,,,,,,,,,,,,,,,,,,,,,,,,,,,,,,,,,,,,,,,,,,,,,,,,,,,,,,,,,,,,,,,,,,,,,,,,,,,,,,,,,,,,,,,,,,
6419,1XU6A,53,LEU,THR,CYS,LYS,LYS,ASN,GLU,ALA,ASP,ASN,HIS,TRP,LYS,CYS,PRO,SER,LYS,CYS,GLU,ASN,GLN,ASP,LYS,GLU,GLU,ALA,LYS,LYS,VAL,ALA,ASP,GLU,THR,ALA,LYS,ASP,GLY,LYS,THR,GLY,ASN,8.95,4.5,,56.24,43.4,123.58,1.75,1.05,,,0.63,,24.02,,,,,27.13,,,0.73,,26.22,,,,,,1.28,,,,,,,,,,,,,,,,,,,,,,,,,,,,,,,,,,,,,,,,,,,,,,,,,,,,,,,,,,,,,,,,,,,,,,,,,,,,,,,,,,0.002,0.004,,0.09,0.03,0.06,0.005,0.006,,,0.005,,0.05,,,,,0.02,,,0.004,,0.03,,,,,,0.006,,,,,,,,,,,,,,,,,,,,,,,,,,,,,,,,,,,,,,,,,,,,,,,,,,,,,,,,,,,,,,,,,,,,,,,,,,,,,,,,,
6419,1XU6A,54,ASP,LEU,THR,CYS,LYS,LYS,ASN,GLU,ALA,ASP,ASN,HIS,TRP,LYS,CYS,PRO,SER,LYS,CYS,GLU,ASN,LYS,GLU,GLU,ALA,LYS,LYS,VAL,ALA,ASP,GLU,THR,ALA,LYS,ASP,GLY,LYS,THR,GLY,ASN,THR,8.58,4.59,,54.29,42.05,126.98,2.89,2.27,,,,,,,,,,,,,,,,,,,,,,,,,,,,,,,,,,,,,,,,,,,,,,,,,,,,,,,,,,,,,,,,,,,,,,,,,,,,,,,,,,,,,,,,,,,,,,,,,,,,,,,0.003,0.013,,0.08,0.02,0.1,0.005,0.004,,,,,,,,,,,,,,,,,,,,,,,,,,,,,,,,,,,,,,,,,,,,,,,,,,,,,,,,,,,,,,,,,,,,,,,,,,,,,,,,,,,,,,,,,,,,,,,,,,,,,,
6419,1XU6A,55,LYS,ASP,LEU,THR,CYS,LYS,LYS,ASN,GLU,ALA,ASP,ASN,HIS,TRP,LYS,CYS,PRO,SER,LYS,CYS,GLU,GLU,GLU,ALA,LYS,LYS,VAL,ALA,ASP,GLU,THR,ALA,LYS,ASP,GLY,LYS,THR,GLY,ASN,THR,ASN,8.44,4.06,,58.0,33.17,124.24,1.78,1.73,,,,,,,1.35,,,25.1,2.93,42.28,1.67,29.33,,1.42,,,,,,,,,,,,,,,,,,,,,,,,,,,,,,,,,,,,,,,,,,,,,,,,,,,,,,,,,,,,,,,,,,,,,,,,,,,,,,,,,,,,,,,0.004,0.008,,0.01,0.07,0.03,0.003,0.008,,,,,,,0.0,,,0.0,0.003,0.18,0.001,0.01,,0.002,,,,,,,,,,,,,,,,,,,,,,,,,,,,,,,,,,,,,,,,,,,,,,,,,,,,,,,,,,,,,,,,,,,,,,,,,,,,,,,,,,,,,,
6419,1XU6A,56,GLU,LYS,ASP,LEU,THR,CYS,LYS,LYS,ASN,GLU,ALA,ASP,ASN,HIS,TRP,LYS,CYS,PRO,SER,LYS,CYS,GLU,ALA,LYS,LYS,VAL,ALA,ASP,GLU,THR,ALA,LYS,ASP,GLY,LYS,THR,GLY,ASN,THR,ASN,THR,8.26,4.11,,57.95,29.9,120.21,2.02,1.92,,,,,,,2.19,,,36.49,,,,,,2.27,,,,,,,,,,,,,,,,,,,,,,,,,,,,,,,,,,,,,,,,,,,,,,,,,,,,,,,,,,,,,,,,,,,,,,,,,,,,,,,,,,,,,,,0.004,0.011,,0.02,0.04,0.07,0.0,0.016,,,,,,,0.0,,,0.01,,,,,,0.0,,,,,,,,,,,,,,,,,,,,,,,,,,,,,,,,,,,,,,,,,,,,,,,,,,,,,,,,,,,,,,,,,,,,,,,,,,,,,,,,,,,,,,
6419,1XU6A,57,GLU,GLU,LYS,ASP,LEU,THR,CYS,LYS,LYS,ASN,GLU,ALA,ASP,ASN,HIS,TRP,LYS,CYS,PRO,SER,LYS,ALA,LYS,LYS,VAL,ALA,ASP,GLU,THR,ALA,LYS,ASP,GLY,LYS,THR,GLY,ASN,THR,ASN,THR,THR,8.3,4.09,,57.7,30.25,121.54,,1.95,,,,,,,2.18,,,36.19,,,,,,2.27,,,,,,,,,,,,,,,,,,,,,,,,,,,,,,,,,,,,,,,,,,,,,,,,,,,,,,,,,,,,,,,,,,,,,,,,,,,,,,,,,,,,,,,0.009000000000000001,0.003,,0.01,0.01,0.09,,0.016,,,,,,,0.0,,,0.01,,,,,,0.0,,,,,,,,,,,,,,,,,,,,,,,,,,,,,,,,,,,,,,,,,,,,,,,,,,,,,,,,,,,,,,,,,,,,,,,,,,,,,,,,,,,,,,
6419,1XU6A,58,ALA,GLU,GLU,LYS,ASP,LEU,THR,CYS,LYS,LYS,ASN,GLU,ALA,ASP,ASN,HIS,TRP,LYS,CYS,PRO,SER,LYS,LYS,VAL,ALA,ASP,GLU,THR,ALA,LYS,ASP,GLY,LYS,THR,GLY,ASN,THR,ASN,THR,THR,GLY,8.32,4.08,,53.84,18.92,122.79,,,,,,,,,,1.35,,,,,,,,,,,,,,,,,,,,,,,,,,,,,,,,,,,,,,,,,,,,,,,,,,,,,,,,,,,,,,,,,,,,,,,,,,,,,,,,,,,,,,,,,,,,,,,0.005,0.004,,0.06,0.06,0.07,,,,,,,,,,0.008,,,,,,,,,,,,,,,,,,,,,,,,,,,,,,,,,,,,,,,,,,,,,,,,,,,,,,,,,,,,,,,,,,,,,,,,,,,,,,,,,,,,,,,,,,,,,,
6419,1XU6A,59,LYS,ALA,GLU,GLU,LYS,ASP,LEU,THR,CYS,LYS,LYS,ASN,GLU,ALA,ASP,ASN,HIS,TRP,LYS,CYS,PRO,LYS,VAL,ALA,ASP,GLU,THR,ALA,LYS,ASP,GLY,LYS,THR,GLY,ASN,THR,ASN,THR,THR,GLY,SER,7.83,4.13,,57.27,33.11,119.13,1.78,1.72,,,,,,,1.35,,,25.0,2.9,42.37,1.61,29.38,,1.44,,,,,,,,,,,,,,,,,,,,,,,,,,,,,,,,,,,,,,,,,,,,,,,,,,,,,,,,,,,,,,,,,,,,,,,,,,,,,,,,,,,,,,,0.004,0.005,,0.11,0.01,0.07,0.001,0.017,,,,,,,0.022,,,0.01,0.004,0.01,0.004,0.0,,0.003,,,,,,,,,,,,,,,,,,,,,,,,,,,,,,,,,,,,,,,,,,,,,,,,,,,,,,,,,,,,,,,,,,,,,,,,,,,,,,,,,,,,,,
6419,1XU6A,60,LYS,LYS,ALA,GLU,GLU,LYS,ASP,LEU,THR,CYS,LYS,LYS,ASN,GLU,ALA,ASP,ASN,HIS,TRP,LYS,CYS,VAL,ALA,ASP,GLU,THR,ALA,LYS,ASP,GLY,LYS,THR,GLY,ASN,THR,ASN,THR,THR,GLY,SER,SER,7.89,4.18,,57.37,33.13,121.08,1.78,1.72,,,,,,,1.32,,,25.02,2.89,42.36,1.6,29.48,,1.42,,,,,,,,,,,,,,,,,,,,,,,,,,,,,,,,,,,,,,,,,,,,,,,,,,,,,,,,,,,,,,,,,,,,,,,,,,,,,,,,,,,,,,,0.009000000000000001,0.005,,0.14,0.08,0.06,0.015,0.018000000000000002,,,,,,,0.014,,,0.05,0.006,0.0,0.006,0.0,,0.015,,,,,,,,,,,,,,,,,,,,,,,,,,,,,,,,,,,,,,,,,,,,,,,,,,,,,,,,,,,,,,,,,,,,,,,,,,,,,,,,,,,,,,
6419,1XU6A,61,VAL,LYS,LYS,ALA,GLU,GLU,LYS,ASP,LEU,THR,CYS,LYS,LYS,ASN,GLU,ALA,ASP,ASN,HIS,TRP,LYS,ALA,ASP,GLU,THR,ALA,LYS,ASP,GLY,LYS,THR,GLY,ASN,THR,ASN,THR,THR,GLY,SER,SER,,7.98,3.95,,63.28,32.87,119.66,,,,,,,,,0.89,2.02,21.06,,,,,,,,,,,,,,,,,0.84,21.13,,,,,,,,,,,,,,,,,,,,,,,,,,,,,,,,,,,,,,,,,,,,,,,,,,,,,,,,,,,,,,,,,,,,,,,,,,,,0.006,0.013,,0.07,0.07,0.05,,,,,,,,,0.001,0.013,0.0,,,,,,,,,,,,,,,,,0.002,0.06,,,,,,,,,,,,,,,,,,,,,,,,,,,,,,,,,,,,,,,,,,,,,,,,,,,,,,,,,,,,,,,,,,,,,,,,,,,
6419,1XU6A,62,ALA,VAL,LYS,LYS,ALA,GLU,GLU,LYS,ASP,LEU,THR,CYS,LYS,LYS,ASN,GLU,ALA,ASP,ASN,HIS,TRP,ASP,GLU,THR,ALA,LYS,ASP,GLY,LYS,THR,GLY,ASN,THR,ASN,THR,THR,GLY,SER,SER,,,8.13,4.19,,53.39,19.45,126.01,,,,,,,,,,1.35,,,,,,,,,,,,,,,,,,,,,,,,,,,,,,,,,,,,,,,,,,,,,,,,,,,,,,,,,,,,,,,,,,,,,,,,,,,,,,,,,,,,,,,,,,,,,,,0.002,0.01,,0.01,0.05,0.04,,,,,,,,,,0.006,,,,,,,,,,,,,,,,,,,,,,,,,,,,,,,,,,,,,,,,,,,,,,,,,,,,,,,,,,,,,,,,,,,,,,,,,,,,,,,,,,,,,,,,,,,,,,
6419,1XU6A,63,ASP,ALA,VAL,LYS,LYS,ALA,GLU,GLU,LYS,ASP,LEU,THR,CYS,LYS,LYS,ASN,GLU,ALA,ASP,ASN,HIS,GLU,THR,ALA,LYS,ASP,GLY,LYS,THR,GLY,ASN,THR,ASN,THR,THR,GLY,SER,SER,,,,8.21,4.49,,55.03,41.39,119.16,,2.61,,,,,,,,,,,,,,,,,,,,,,,,,,,,,,,,,,,,,,,,,,,,,,,,,,,,,,,,,,,,,,,,,,,,,,,,,,,,,,,,,,,,,,,,,,,,,,,,,,,,,,,0.006999999999999999,0.013,,0.01,0.02,0.03,,0.012,,,,,,,,,,,,,,,,,,,,,,,,,,,,,,,,,,,,,,,,,,,,,,,,,,,,,,,,,,,,,,,,,,,,,,,,,,,,,,,,,,,,,,,,,,,,,,,,,,,,,,
6419,1XU6A,64,GLU,ASP,ALA,VAL,LYS,LYS,ALA,GLU,GLU,LYS,ASP,LEU,THR,CYS,LYS,LYS,ASN,GLU,ALA,ASP,ASN,THR,ALA,LYS,ASP,GLY,LYS,THR,GLY,ASN,THR,ASN,THR,THR,GLY,SER,SER,,,,,8.34,4.23,,57.52,30.2,120.95,2.06,1.94,,,,,,,2.2,,,36.59,,,,,,2.27,,,,,,,,,,,,,,,,,,,,,,,,,,,,,,,,,,,,,,,,,,,,,,,,,,,,,,,,,,,,,,,,,,,,,,,,,,,,,,,,,,,,,,,0.003,0.027000000000000003,,0.01,0.08,0.04,0.001,0.013,,,,,,,0.0,,,0.02,,,,,,0.0,,,,,,,,,,,,,,,,,,,,,,,,,,,,,,,,,,,,,,,,,,,,,,,,,,,,,,,,,,,,,,,,,,,,,,,,,,,,,,,,,,,,,,
6419,1XU6A,65,THR,GLU,ASP,ALA,VAL,LYS,LYS,ALA,GLU,GLU,LYS,ASP,LEU,THR,CYS,LYS,LYS,ASN,GLU,ALA,ASP,ALA,LYS,ASP,GLY,LYS,THR,GLY,ASN,THR,ASN,THR,THR,GLY,SER,SER,,,,,,8.12,4.17,,63.04,70.01,113.76,,,,,,,,,1.17,4.16,21.85,,,,,,,,,,,,,,,,,,,,,,,,,,,,,,,,,,,,,,,,,,,,,,,,,,,,,,,,,,,,,,,,,,,,,,,,,,,,,,,,,,,,,,,,,,,,,,0.003,0.01,,0.05,0.03,0.04,,,,,,,,,0.012,0.0,0.0,,,,,,,,,,,,,,,,,,,,,,,,,,,,,,,,,,,,,,,,,,,,,,,,,,,,,,,,,,,,,,,,,,,,,,,,,,,,,,,,,,,,,,,,,,,,,
6419,1XU6A,66,ALA,THR,GLU,ASP,ALA,VAL,LYS,LYS,ALA,GLU,GLU,LYS,ASP,LEU,THR,CYS,LYS,LYS,ASN,GLU,ALA,LYS,ASP,GLY,LYS,THR,GLY,ASN,THR,ASN,THR,THR,GLY,SER,SER,,,,,,,8.03,4.23,,53.05,19.27,125.31,,,,,,,,,,1.33,,,,,,,,,,,,,,,,,,,,,,,,,,,,,,,,,,,,,,,,,,,,,,,,,,,,,,,,,,,,,,,,,,,,,,,,,,,,,,,,,,,,,,,,,,,,,,,0.005,0.015,,0.01,0.05,0.03,,,,,,,,,,0.014,,,,,,,,,,,,,,,,,,,,,,,,,,,,,,,,,,,,,,,,,,,,,,,,,,,,,,,,,,,,,,,,,,,,,,,,,,,,,,,,,,,,,,,,,,,,,,
6419,1XU6A,67,LYS,ALA,THR,GLU,ASP,ALA,VAL,LYS,LYS,ALA,GLU,GLU,LYS,ASP,LEU,THR,CYS,LYS,LYS,ASN,GLU,ASP,GLY,LYS,THR,GLY,ASN,THR,ASN,THR,THR,GLY,SER,SER,,,,,,,,8.09,4.2,,56.95,33.15,119.76,1.79,1.71,,,,,,,1.35,,,24.98,2.91,42.43,1.65,29.35,,,,,,,,,,,,,,,,,,,,,,,,,,,,,,,,,,,,,,,,,,,,,,,,,,,,,,,,,,,,,,,,,,,,,,,,,,,,,,,,,,,,,,,,,0.006,0.006,,0.09,0.05,0.04,0.013,0.005,,,,,,,0.001,,,0.09,0.001,0.07,0.024,0.01,,,,,,,,,,,,,,,,,,,,,,,,,,,,,,,,,,,,,,,,,,,,,,,,,,,,,,,,,,,,,,,,,,,,,,,,,,,,,,,,,,,,,,,,
6419,1XU6A,68,ASP,LYS,ALA,THR,GLU,ASP,ALA,VAL,LYS,LYS,ALA,GLU,GLU,LYS,ASP,LEU,THR,CYS,LYS,LYS,ASN,GLY,LYS,THR,GLY,ASN,THR,ASN,THR,THR,GLY,SER,SER,,,,,,,,,8.17,4.51,,54.79,,119.85,,2.63,,,,,,,,,,,,,,,,,,,,,,,,,,,,,,,,,,,,,,,,,,,,,,,,,,,,,,,,,,,,,,,,,,,,,,,,,,,,,,,,,,,,,,,,,,,,,,,,,,,,,,,0.004,0.008,,0.08,,0.04,,0.005,,,,,,,,,,,,,,,,,,,,,,,,,,,,,,,,,,,,,,,,,,,,,,,,,,,,,,,,,,,,,,,,,,,,,,,,,,,,,,,,,,,,,,,,,,,,,,,,,,,,,,
6419,1XU6A,69,GLY,ASP,LYS,ALA,THR,GLU,ASP,ALA,VAL,LYS,LYS,ALA,GLU,GLU,LYS,ASP,LEU,THR,CYS,LYS,LYS,LYS,THR,GLY,ASN,THR,ASN,THR,THR,GLY,SER,SER,,,,,,,,,,8.23,,,45.86,,108.43,,,,,,,,,,,,,,,,,,,,,3.89,,,,,,,,,,,,,,,,,,,,,,,,,,,,,,,,,,,,,,,,,,,,,,,,,,,,,,,,,,,,,,,,,,,,,,,,,,,,,,,,,,,,0.001,,,0.01,,0.03,,,,,,,,,,,,,,,,,,,,,0.009000000000000001,,,,,,,,,,,,,,,,,,,,,,,,,,,,,,,,,,,,,,,,,,,,,,,,,,,,,,,,,,,,,,,,,,,,,,,,,,,,,,,,,,,
6419,1XU6A,70,LYS,GLY,ASP,LYS,ALA,THR,GLU,ASP,ALA,VAL,LYS,LYS,ALA,GLU,GLU,LYS,ASP,LEU,THR,CYS,LYS,THR,GLY,ASN,THR,ASN,THR,THR,GLY,SER,SER,,,,,,,,,,,8.12,4.33,,56.75,33.18,120.09,1.8,1.74,,,,,,,1.33,,,24.94,2.91,42.45,1.61,29.6,,1.39,,,,,,,,,,,,,,,,,,,,,,,,,,,,,,,,,,,,,,,,,,,,,,,,,,,,,,,,,,,,,,,,,,,,,,,,,,,,,,,,,,,,,,,0.004,0.006,,0.08,0.04,0.02,0.011,0.005,,,,,,,0.0,,,0.04,0.006,0.05,0.006999999999999999,0.01,,0.0,,,,,,,,,,,,,,,,,,,,,,,,,,,,,,,,,,,,,,,,,,,,,,,,,,,,,,,,,,,,,,,,,,,,,,,,,,,,,,,,,,,,,,
6419,1XU6A,71,THR,LYS,GLY,ASP,LYS,ALA,THR,GLU,ASP,ALA,VAL,LYS,LYS,ALA,GLU,GLU,LYS,ASP,LEU,THR,CYS,GLY,ASN,THR,ASN,THR,THR,GLY,SER,SER,,,,,,,,,,,,8.12,4.27,,62.19,,113.87,,,,,,,,,1.13,4.17,21.65,,,,,,,,,,,,,,,,,,,,,,,,,,,,,,,,,,,,,,,,,,,,,,,,,,,,,,,,,,,,,,,,,,,,,,,,,,,,,,,,,,,,,,,,,,,,,,0.003,0.014,,0.03,,0.06,,,,,,,,,0.01,0.006,0.0,,,,,,,,,,,,,,,,,,,,,,,,,,,,,,,,,,,,,,,,,,,,,,,,,,,,,,,,,,,,,,,,,,,,,,,,,,,,,,,,,,,,,,,,,,,,,
6419,1XU6A,72,GLY,THR,LYS,GLY,ASP,LYS,ALA,THR,GLU,ASP,ALA,VAL,LYS,LYS,ALA,GLU,GLU,LYS,ASP,LEU,THR,ASN,THR,ASN,THR,THR,GLY,SER,SER,,,,,,,,,,,,,8.34,,,45.62,,110.42,,,,,,,,,,,,,,,,,,,,,3.91,,,,,,,,,,,,,,,,,,,,,,,,,,,,,,,,,,,,,,,,,,,,,,,,,,,,,,,,,,,,,,,,,,,,,,,,,,,,,,,,,,,,0.003,,,0.03,,0.06,,,,,,,,,,,,,,,,,,,,,0.005,,,,,,,,,,,,,,,,,,,,,,,,,,,,,,,,,,,,,,,,,,,,,,,,,,,,,,,,,,,,,,,,,,,,,,,,,,,,,,,,,,,
6419,1XU6A,73,ASN,GLY,THR,LYS,GLY,ASP,LYS,ALA,THR,GLU,ASP,ALA,VAL,LYS,LYS,ALA,GLU,GLU,LYS,ASP,LEU,THR,ASN,THR,THR,GLY,SER,SER,,,,,,,,,,,,,,8.3,4.71,,53.47,39.45,118.31,2.79,2.71,,,,,,,,,,,,,,,,,,,,,,,,,,,,6.85,112.44,7.53,,,,,,,,,,,,,,,,,,,,,,,,,,,,,,,,,,,,,,,,,,,,,,,,,,,,,,,,,,,,,,,,,,,,,,,,,0.003,0.014,,0.01,0.01,0.02,0.003,0.001,,,,,,,,,,,,,,,,,,,,,,,,,,,,0.004,0.25,0.001,,,,,,,,,,,,,,,,,,,,,,,,,,,,,,,,,,,,,,,,,,,,,,,,,,,,,,,,,,,,,,,,,,,,,,,,
6419,1XU6A,74,THR,ASN,GLY,THR,LYS,GLY,ASP,LYS,ALA,THR,GLU,ASP,ALA,VAL,LYS,LYS,ALA,GLU,GLU,LYS,ASP,ASN,THR,THR,GLY,SER,SER,,,,,,,,,,,,,,,8.16,4.3,,62.22,69.97,113.89,,,,,,,,,1.11,4.18,21.69,,,,,,,,,,,,,,,,,,,,,,,,,,,,,,,,,,,,,,,,,,,,,,,,,,,,,,,,,,,,,,,,,,,,,,,,,,,,,,,,,,,,,,,,,,,,,,0.0,0.003,,0.06,0.02,0.0,,,,,,,,,0.001,0.001,0.01,,,,,,,,,,,,,,,,,,,,,,,,,,,,,,,,,,,,,,,,,,,,,,,,,,,,,,,,,,,,,,,,,,,,,,,,,,,,,,,,,,,,,,,,,,,,,
6419,1XU6A,75,ASN,THR,ASN,GLY,THR,LYS,GLY,ASP,LYS,ALA,THR,GLU,ASP,ALA,VAL,LYS,LYS,ALA,GLU,GLU,LYS,THR,THR,GLY,SER,SER,,,,,,,,,,,,,,,,8.46,4.72,,53.62,39.23,120.63,2.81,2.72,,,,,,,,,,,,,,,,,,,,,,,,,,,,,,,,,,,,,,,,,,,,,,,,,,,,,,,,,,,,,,,,,,,,,,,,,,,,,,,,,,,,,,,,,,,,,,,,,,,,,,,0.003,0.013,,0.06,0.03,0.06,0.001,0.017,,,,,,,,,,,,,,,,,,,,,,,,,,,,,,,,,,,,,,,,,,,,,,,,,,,,,,,,,,,,,,,,,,,,,,,,,,,,,,,,,,,,,,,,,,,,,,,,,,,,,,
6419,1XU6A,76,THR,ASN,THR,ASN,GLY,THR,LYS,GLY,ASP,LYS,ALA,THR,GLU,ASP,ALA,VAL,LYS,LYS,ALA,GLU,GLU,THR,GLY,SER,SER,,,,,,,,,,,,,,,,,8.16,4.36,,62.02,70.01,113.78,,,,,,,,,1.11,4.22,21.64,,,,,,,,,,,,,,,,,,,,,,,,,,,,,,,,,,,,,,,,,,,,,,,,,,,,,,,,,,,,,,,,,,,,,,,,,,,,,,,,,,,,,,,,,,,,,,0.0,0.001,,0.05,0.02,0.0,,,,,,,,,0.002,0.003,0.02,,,,,,,,,,,,,,,,,,,,,,,,,,,,,,,,,,,,,,,,,,,,,,,,,,,,,,,,,,,,,,,,,,,,,,,,,,,,,,,,,,,,,,,,,,,,,
6419,1XU6A,77,THR,THR,ASN,THR,ASN,GLY,THR,LYS,GLY,ASP,LYS,ALA,THR,GLU,ASP,ALA,VAL,LYS,LYS,ALA,GLU,GLY,SER,SER,,,,,,,,,,,,,,,,,,8.14,4.29,,62.44,,115.26,,,,,,,,,1.14,4.19,21.67,,,,,,,,,,,,,,,,,,,,,,,,,,,,,,,,,,,,,,,,,,,,,,,,,,,,,,,,,,,,,,,,,,,,,,,,,,,,,,,,,,,,,,,,,,,,,,0.003,0.011,,0.05,,0.05,,,,,,,,,0.008,0.003,0.02,,,,,,,,,,,,,,,,,,,,,,,,,,,,,,,,,,,,,,,,,,,,,,,,,,,,,,,,,,,,,,,,,,,,,,,,,,,,,,,,,,,,,,,,,,,,,
6419,1XU6A,78,GLY,THR,THR,ASN,THR,ASN,GLY,THR,LYS,GLY,ASP,LYS,ALA,THR,GLU,ASP,ALA,VAL,LYS,LYS,ALA,SER,SER,,,,,,,,,,,,,,,,,,,8.36,,,45.65,,110.96,,,,,,,,,,,,,,,,,,,,,3.96,,,,,,,,,,,,,,,,,,,,,,,,,,,,,,,,,,,,,,,,,,,,,,,,,,,,,,,,,,,,,,,,,,,,,,,,,,,,,,,,,,,,0.002,,,0.02,,0.08,,,,,,,,,,,,,,,,,,,,,0.006999999999999999,,,,,,,,,,,,,,,,,,,,,,,,,,,,,,,,,,,,,,,,,,,,,,,,,,,,,,,,,,,,,,,,,,,,,,,,,,,,,,,,,,,
6419,1XU6A,79,SER,GLY,THR,THR,ASN,THR,ASN,GLY,THR,LYS,GLY,ASP,LYS,ALA,THR,GLU,ASP,ALA,VAL,LYS,LYS,SER,,,,,,,,,,,,,,,,,,,,8.16,4.47,,58.43,64.54,115.38,,3.81,,,,,,,,,,,,,,,,,,,,,,,,,,,,,,,,,,,,,,,,,,,,,,,,,,,,,,,,,,,,,,,,,,,,,,,,,,,,,,,,,,,,,,,,,,,,,,,,,,,,,,,0.002,0.01,,0.08,0.15,0.04,,0.006999999999999999,,,,,,,,,,,,,,,,,,,,,,,,,,,,,,,,,,,,,,,,,,,,,,,,,,,,,,,,,,,,,,,,,,,,,,,,,,,,,,,,,,,,,,,,,,,,,,,,,,,,,,
6419,1XU6A,80,SER,SER,GLY,THR,THR,ASN,THR,ASN,GLY,THR,LYS,GLY,ASP,LYS,ALA,THR,GLU,ASP,ALA,VAL,LYS,,,,,,,,,,,,,,,,,,,,,7.98,4.22,,,,,,3.77,,,,,,,,,,,,,,,,,,,,,,,,,,,,,,,,,,,,,,,,,,,,,,,,,,,,,,,,,,,,,,,,,,,,,,,,,,,,,,,,,,,,,,,,,,,,,,,,,,,,,,,0.003,0.009000000000000001,,,,,,0.006999999999999999,,,,,,,,,,,,,,,,,,,,,,,,,,,,,,,,,,,,,,,,,,,,,,,,,,,,,,,,,,,,,,,,,,,,,,,,,,,,,,,,,,,,,,,,,,,,,,,,,,,,,,
