BMRB_NUM,PDB_ID,RES_NUM,RESNAME,RESNAME_i-1,RESNAME_i-2,RESNAME_i-3,RESNAME_i-4,RESNAME_i-5,RESNAME_i-6,RESNAME_i-7,RESNAME_i-8,RESNAME_i-9,RESNAME_i-10,RESNAME_i-11,RESNAME_i-12,RESNAME_i-13,RESNAME_i-14,RESNAME_i-15,RESNAME_i-16,RESNAME_i-17,RESNAME_i-18,RESNAME_i-19,RESNAME_i-20,RESNAME_i+1,RESNAME_i+2,RESNAME_i+3,RESNAME_i+4,RESNAME_i+5,RESNAME_i+6,RESNAME_i+7,RESNAME_i+8,RESNAME_i+9,RESNAME_i+10,RESNAME_i+11,RESNAME_i+12,RESNAME_i+13,RESNAME_i+14,RESNAME_i+15,RESNAME_i+16,RESNAME_i+17,RESNAME_i+18,RESNAME_i+19,RESNAME_i+20,H,HA,C,CA,CB,N,HB3,HB2,HZ,CZ,HD1,HE1,CD1,CE1,HG2,HB,CG2,CG,HE2,CE,HD2,CD,CD2,HG3,HG13,HG12,HA2,HA3,HG,HD3,HE21,NE2,HE22,HG1,CG1,HD21,ND2,HD22,NE1,HZ2,CZ2,HH2,HZ3,CE3,CH2,CZ3,HE3,HE,CE2,NE,HH11,HH12,HH21,HH22,HH,NZ,HP,HH1,HZ1,NH1,NH2,ND1,OOH,H2A,H3A,H4A,H4B,H5A,H5B,H6A,H6B,H7A,H7B,H8A,H8B,H8C,H28A,H28B,H30A,H30B,H30C,H31A,H31B,H31C,H32A,H36A,H37A,H37B,H38A,H38B,H41A,H42A,H42B,H43A,H43B,H1A,H1B,H2B,HD,HC,HT,HG21,HG22,HG23,C1,H1,HB1,HN,H2,H3B,H_ERR,HA_ERR,C_ERR,CA_ERR,CB_ERR,N_ERR,HB3_ERR,HB2_ERR,HZ_ERR,CZ_ERR,HD1_ERR,HE1_ERR,CD1_ERR,CE1_ERR,HG2_ERR,HB_ERR,CG2_ERR,CG_ERR,HE2_ERR,CE_ERR,HD2_ERR,CD_ERR,CD2_ERR,HG3_ERR,HG13_ERR,HG12_ERR,HA2_ERR,HA3_ERR,HG_ERR,HD3_ERR,HE21_ERR,NE2_ERR,HE22_ERR,HG1_ERR,CG1_ERR,HD21_ERR,ND2_ERR,HD22_ERR,NE1_ERR,HZ2_ERR,CZ2_ERR,HH2_ERR,HZ3_ERR,CE3_ERR,CH2_ERR,CZ3_ERR,HE3_ERR,HE_ERR,CE2_ERR,NE_ERR,HH11_ERR,HH12_ERR,HH21_ERR,HH22_ERR,HH_ERR,NZ_ERR,HP_ERR,HH1_ERR,HZ1_ERR,NH1_ERR,NH2_ERR,ND1_ERR,OOH_ERR,H2A_ERR,H3A_ERR,H4A_ERR,H4B_ERR,H5A_ERR,H5B_ERR,H6A_ERR,H6B_ERR,H7A_ERR,H7B_ERR,H8A_ERR,H8B_ERR,H8C_ERR,H28A_ERR,H28B_ERR,H30A_ERR,H30B_ERR,H30C_ERR,H31A_ERR,H31B_ERR,H31C_ERR,H32A_ERR,H36A_ERR,H37A_ERR,H37B_ERR,H38A_ERR,H38B_ERR,H41A_ERR,H42A_ERR,H42B_ERR,H43A_ERR,H43B_ERR,H1A_ERR,H1B_ERR,H2B_ERR,HD_ERR,HC_ERR,HT_ERR,HG21_ERR,HG22_ERR,HG23_ERR,C1_ERR,H1_ERR,HB1_ERR,HN_ERR,H2_ERR,H3B_ERR
7209,2IVWA,1,GLU,,,,,,,,,,,,,,,,,,,,,THR,ASP,LYS,LYS,GLY,GLU,ASN,ALA,PRO,ASP,THR,LYS,ARG,ILE,LYS,GLU,THR,LEU,GLU,LYS,,4.54,,56.88,30.06,,2.04,2.04,,,,,,,2.6,,,,,,,,,2.6,,,,,,,,,,,,,,,,,,,,,,,,,,,,,,,,,,,,,,,,,,,,,,,,,,,,,,,,,,,,,,,,,,,,,,,,,,,,,,,,,,,,,,,,0.02,,0.1,0.1,,0.02,0.02,,,,,,,0.02,,,,,,,,,0.02,,,,,,,,,,,,,,,,,,,,,,,,,,,,,,,,,,,,,,,,,,,,,,,,,,,,,,,,,,,,,,,,,,,,,,,,,,,,,,,,,,,,,,
7209,2IVWA,2,THR,GLU,,,,,,,,,,,,,,,,,,,,ASP,LYS,LYS,GLY,GLU,ASN,ALA,PRO,ASP,THR,LYS,ARG,ILE,LYS,GLU,THR,LEU,GLU,LYS,PHE,8.12,4.36,173.45,61.7,69.88,113.31,,,,,,,,,1.2,4.42,21.57,,,,,,,,,,,,,,,,,,,,,,,,,,,,,,,,,,,,,,,,,,,,,,,,,,,,,,,,,,,,,,,,,,,,,,,,,,,,,,,,,,,,,,,,,,,,,,0.02,0.02,0.1,0.1,0.1,0.1,,,,,,,,,0.02,0.02,0.1,,,,,,,,,,,,,,,,,,,,,,,,,,,,,,,,,,,,,,,,,,,,,,,,,,,,,,,,,,,,,,,,,,,,,,,,,,,,,,,,,,,,,,,,,,,,,
7209,2IVWA,3,ASP,THR,GLU,,,,,,,,,,,,,,,,,,,LYS,LYS,GLY,GLU,ASN,ALA,PRO,ASP,THR,LYS,ARG,ILE,LYS,GLU,THR,LEU,GLU,LYS,PHE,SER,8.51,4.62,175.73,54.35,41.22,123.09,2.7,2.7,,,,,,,,,,,,,,,,,,,,,,,,,,,,,,,,,,,,,,,,,,,,,,,,,,,,,,,,,,,,,,,,,,,,,,,,,,,,,,,,,,,,,,,,,,,,,,,,,,,,,,,0.02,0.02,0.1,0.1,0.1,0.1,0.02,0.02,,,,,,,,,,,,,,,,,,,,,,,,,,,,,,,,,,,,,,,,,,,,,,,,,,,,,,,,,,,,,,,,,,,,,,,,,,,,,,,,,,,,,,,,,,,,,,,,,,,,,,
7209,2IVWA,4,LYS,ASP,THR,GLU,,,,,,,,,,,,,,,,,,LYS,GLY,GLU,ASN,ALA,PRO,ASP,THR,LYS,ARG,ILE,LYS,GLU,THR,LEU,GLU,LYS,PHE,SER,LEU,8.21,4.36,176.11,56.23,32.76,121.44,1.77,1.87,,,,,,,1.43,,,24.65,,,,28.88,,1.43,,,,,,,,,,,,,,,,,,,,,,,,,,,,,,,,,,,,,,,,,,,,,,,,,,,,,,,,,,,,,,,,,,,,,,,,,,,,,,,,,,,,,,,0.02,0.02,0.1,0.1,0.1,0.1,0.02,0.02,,,,,,,0.02,,,0.1,,,,0.1,,0.02,,,,,,,,,,,,,,,,,,,,,,,,,,,,,,,,,,,,,,,,,,,,,,,,,,,,,,,,,,,,,,,,,,,,,,,,,,,,,,,,,,,,,,
7209,2IVWA,5,LYS,LYS,ASP,THR,GLU,,,,,,,,,,,,,,,,,GLY,GLU,ASN,ALA,PRO,ASP,THR,LYS,ARG,ILE,LYS,GLU,THR,LEU,GLU,LYS,PHE,SER,LEU,GLU,8.41,4.36,176.69,56.29,32.91,122.75,1.77,1.77,,,,,,,1.42,,,24.62,2.92,41.8,1.71,28.85,,1.42,,,,,,1.71,,,,,,,,,,,,,,,,,2.92,,,,,,,,,,,,,,,,,,,,,,,,,,,,,,,,,,,,,,,,,,,,,,,,,,,,,,,,,,,,,,,,0.02,0.02,0.1,0.1,0.1,0.1,0.02,0.02,,,,,,,0.02,,,0.1,0.02,0.1,0.02,0.1,,0.02,,,,,,0.02,,,,,,,,,,,,,,,,,0.02,,,,,,,,,,,,,,,,,,,,,,,,,,,,,,,,,,,,,,,,,,,,,,,,,,,,,,,,,,,,,,,
7209,2IVWA,6,GLY,LYS,LYS,ASP,THR,GLU,,,,,,,,,,,,,,,,GLU,ASN,ALA,PRO,ASP,THR,LYS,ARG,ILE,LYS,GLU,THR,LEU,GLU,LYS,PHE,SER,LEU,GLU,ASN,8.39,,173.99,45.15,,109.53,,,,,,,,,,,,,,,,,,,,,4.05,4.05,,,,,,,,,,,,,,,,,,,,,,,,,,,,,,,,,,,,,,,,,,,,,,,,,,,,,,,,,,,,,,,,,,,,,,,,,,,,,,,,,,,0.02,,0.1,0.1,,0.1,,,,,,,,,,,,,,,,,,,,,0.02,0.02,,,,,,,,,,,,,,,,,,,,,,,,,,,,,,,,,,,,,,,,,,,,,,,,,,,,,,,,,,,,,,,,,,,,,,,,,,,,,,,,,,
7209,2IVWA,7,GLU,GLY,LYS,LYS,ASP,THR,GLU,,,,,,,,,,,,,,,ASN,ALA,PRO,ASP,THR,LYS,ARG,ILE,LYS,GLU,THR,LEU,GLU,LYS,PHE,SER,LEU,GLU,ASN,MET,8.41,4.34,176.11,56.5,30.37,120.53,1.88,2.07,,,,,,,2.29,,,36.28,,,,,,2.29,,,,,,,,,,,,,,,,,,,,,,,,,,,,,,,,,,,,,,,,,,,,,,,,,,,,,,,,,,,,,,,,,,,,,,,,,,,,,,,,,,,,,,,0.02,0.02,0.1,0.1,0.1,0.1,0.02,0.02,,,,,,,0.02,,,0.1,,,,,,0.02,,,,,,,,,,,,,,,,,,,,,,,,,,,,,,,,,,,,,,,,,,,,,,,,,,,,,,,,,,,,,,,,,,,,,,,,,,,,,,,,,,,,,,
7209,2IVWA,8,ASN,GLU,GLY,LYS,LYS,ASP,THR,GLU,,,,,,,,,,,,,,ALA,PRO,ASP,THR,LYS,ARG,ILE,LYS,GLU,THR,LEU,GLU,LYS,PHE,SER,LEU,GLU,ASN,MET,ARG,8.52,4.58,173.21,53.04,38.7,118.08,2.77,2.76,,,,,,,,,,,,,,,,,,,,,,,,,,,,,,,,,,,,,,,,,,,,,,,,,,,,,,,,,,,,,,,,,,,,,,,,,,,,,,,,,,,,,,,,,,,,,,,,,,,,,,,0.02,0.02,0.1,0.1,0.1,0.1,0.02,0.02,,,,,,,,,,,,,,,,,,,,,,,,,,,,,,,,,,,,,,,,,,,,,,,,,,,,,,,,,,,,,,,,,,,,,,,,,,,,,,,,,,,,,,,,,,,,,,,,,,,,,,
7209,2IVWA,9,ALA,ASN,GLU,GLY,LYS,LYS,ASP,THR,GLU,,,,,,,,,,,,,PRO,ASP,THR,LYS,ARG,ILE,LYS,GLU,THR,LEU,GLU,LYS,PHE,SER,LEU,GLU,ASN,MET,ARG,TYR,8.19,4.61,175.27,50.15,18.24,124.58,,,,,,,,,,1.36,,,,,,,,,,,,,,,,,,,,,,,,,,,,,,,,,,,,,,,,,,,,,,,,,,,,,,,,,,,,,,,,,,,,,,,,,,,,,,,,,,,,,,,,,,,,,,,0.02,0.02,0.1,0.1,0.1,0.1,,,,,,,,,,0.02,,,,,,,,,,,,,,,,,,,,,,,,,,,,,,,,,,,,,,,,,,,,,,,,,,,,,,,,,,,,,,,,,,,,,,,,,,,,,,,,,,,,,,,,,,,,,,
7209,2IVWA,10,PRO,ALA,ASN,GLU,GLY,LYS,LYS,ASP,THR,GLU,,,,,,,,,,,,ASP,THR,LYS,ARG,ILE,LYS,GLU,THR,LEU,GLU,LYS,PHE,SER,LEU,GLU,ASN,MET,ARG,TYR,VAL,,,174.97,61.64,31.2,,,,,,,,,,,,,,,,,,,,,,,,,,,,,,,,,,,,,,,,,,,,,,,,,,,,,,,,,,,,,,,,,,,,,,,,,,,,,,,,,,,,,,,,,,,,,,,,,,,,,,,,,,,,0.1,0.1,0.1,,,,,,,,,,,,,,,,,,,,,,,,,,,,,,,,,,,,,,,,,,,,,,,,,,,,,,,,,,,,,,,,,,,,,,,,,,,,,,,,,,,,,,,,,,,,,,,,,,,,,,,,,
7209,2IVWA,11,ASP,PRO,ALA,ASN,GLU,GLY,LYS,LYS,ASP,THR,GLU,,,,,,,,,,,THR,LYS,ARG,ILE,LYS,GLU,THR,LEU,GLU,LYS,PHE,SER,LEU,GLU,ASN,MET,ARG,TYR,VAL,GLY,7.82,4.52,177.78,53.44,40.61,118.23,2.65,2.65,,,,,,,,,,,,,,,,,,,,,,,,,,,,,,,,,,,,,,,,,,,,,,,,,,,,,,,,,,,,,,,,,,,,,,,,,,,,,,,,,,,,,,,,,,,,,,,,,,,,,,,0.02,0.02,0.1,0.1,0.1,0.1,0.02,0.02,,,,,,,,,,,,,,,,,,,,,,,,,,,,,,,,,,,,,,,,,,,,,,,,,,,,,,,,,,,,,,,,,,,,,,,,,,,,,,,,,,,,,,,,,,,,,,,,,,,,,,
7209,2IVWA,12,THR,ASP,PRO,ALA,ASN,GLU,GLY,LYS,LYS,ASP,THR,GLU,,,,,,,,,,LYS,ARG,ILE,LYS,GLU,THR,LEU,GLU,LYS,PHE,SER,LEU,GLU,ASN,MET,ARG,TYR,VAL,GLY,ILE,8.22,4.26,174.95,62.83,68.5,118.03,,,,,,,,,1.18,4.47,21.58,,,,,,,,,,,,,,,,,,,,,,,,,,,,,,,,,,,,,,,,,,,,,,,,,,,,,,,,,,,,,,,,,,,,,,,,,,,,,,,,,,,,,,,,,,,,,,0.02,0.02,0.1,0.1,0.1,0.1,,,,,,,,,0.02,0.02,0.1,,,,,,,,,,,,,,,,,,,,,,,,,,,,,,,,,,,,,,,,,,,,,,,,,,,,,,,,,,,,,,,,,,,,,,,,,,,,,,,,,,,,,,,,,,,,,
7209,2IVWA,13,LYS,THR,ASP,PRO,ALA,ASN,GLU,GLY,LYS,LYS,ASP,THR,GLU,,,,,,,,,ARG,ILE,LYS,GLU,THR,LEU,GLU,LYS,PHE,SER,LEU,GLU,ASN,MET,ARG,TYR,VAL,GLY,ILE,LEU,8.34,4.29,176.45,56.09,31.86,121.37,1.86,1.86,,,,,,,1.44,,,25.05,,,,,,1.44,,,,,,,,,,,,,,,,,,,,,,,,,,,,,,,,,,,,,,,,,,,,,,,,,,,,,,,,,,,,,,,,,,,,,,,,,,,,,,,,,,,,,,,0.02,0.02,0.1,0.1,0.1,0.1,0.02,0.02,,,,,,,0.02,,,0.1,,,,,,0.02,,,,,,,,,,,,,,,,,,,,,,,,,,,,,,,,,,,,,,,,,,,,,,,,,,,,,,,,,,,,,,,,,,,,,,,,,,,,,,,,,,,,,,
7209,2IVWA,14,ARG,LYS,THR,ASP,PRO,ALA,ASN,GLU,GLY,LYS,LYS,ASP,THR,GLU,,,,,,,,ILE,LYS,GLU,THR,LEU,GLU,LYS,PHE,SER,LEU,GLU,ASN,MET,ARG,TYR,VAL,GLY,ILE,LEU,LYS,6.9,4.06,175.45,56.29,30.7,121.27,1.57,1.57,,,,,,,1.38,,,27.25,,,,,,1.38,,,,,,,,,,,,,,,,,,,,,,,,,,,,,,,,,,,,,,,,,,,,,,,,,,,,,,,,,,,,,,,,,,,,,,,,,,,,,,,,,,,,,,,0.02,0.02,0.1,0.1,0.1,0.1,0.02,0.02,,,,,,,0.02,,,0.1,,,,,,0.02,,,,,,,,,,,,,,,,,,,,,,,,,,,,,,,,,,,,,,,,,,,,,,,,,,,,,,,,,,,,,,,,,,,,,,,,,,,,,,,,,,,,,,
7209,2IVWA,15,ILE,ARG,LYS,THR,ASP,PRO,ALA,ASN,GLU,GLY,LYS,LYS,ASP,THR,GLU,,,,,,,LYS,GLU,THR,LEU,GLU,LYS,PHE,SER,LEU,GLU,ASN,MET,ARG,TYR,VAL,GLY,ILE,LEU,LYS,SER,8.39,3.84,175.7,61.15,37.08,128.13,,,,,0.89,,11.74,,0.94,1.76,17.12,,,,,,,,1.29,1.57,,,,,,,,,27.4,,,,,,,,,,,,,,,,,,,,,,,,,,,,,,,,,,,,,,,,,,,,,,,,,,,,,,,,,,,,,,,,,,,,,,,,,,,,0.02,0.02,0.1,0.1,0.1,0.1,,,,,0.02,,0.1,,0.02,0.02,0.1,,,,,,,,0.02,0.02,,,,,,,,,0.1,,,,,,,,,,,,,,,,,,,,,,,,,,,,,,,,,,,,,,,,,,,,,,,,,,,,,,,,,,,,,,,,,,,,,,,,,,,
7209,2IVWA,16,LYS,ILE,ARG,LYS,THR,ASP,PRO,ALA,ASN,GLU,GLY,LYS,LYS,ASP,THR,GLU,,,,,,GLU,THR,LEU,GLU,LYS,PHE,SER,LEU,GLU,ASN,MET,ARG,TYR,VAL,GLY,ILE,LEU,LYS,SER,GLY,8.15,4.04,177.29,56.84,32.68,127.02,1.57,1.57,,,,,,,1.34,,,25.3,2.9,41.65,1.47,28.92,,1.34,,,,,,1.47,,,,,,,,,,,,,,,,,2.9,,,,,,,,,,,,,,,,,,,,,,,,,,,,,,,,,,,,,,,,,,,,,,,,,,,,,,,,,,,,,,,,0.02,0.02,0.1,0.1,0.1,0.1,0.02,0.02,,,,,,,0.02,,,0.1,0.02,0.1,0.02,0.1,,0.02,,,,,,0.02,,,,,,,,,,,,,,,,,0.02,,,,,,,,,,,,,,,,,,,,,,,,,,,,,,,,,,,,,,,,,,,,,,,,,,,,,,,,,,,,,,,
7209,2IVWA,17,GLU,LYS,ILE,ARG,LYS,THR,ASP,PRO,ALA,ASN,GLU,GLY,LYS,LYS,ASP,THR,GLU,,,,,THR,LEU,GLU,LYS,PHE,SER,LEU,GLU,ASN,MET,ARG,TYR,VAL,GLY,ILE,LEU,LYS,SER,GLY,GLN,9.81,4.4,178.39,55.56,30.35,123.29,2.08,2.08,,,,,,,2.55,,,37.5,,,,,,2.46,,,,,,,,,,,,,,,,,,,,,,,,,,,,,,,,,,,,,,,,,,,,,,,,,,,,,,,,,,,,,,,,,,,,,,,,,,,,,,,,,,,,,,,0.02,0.02,0.1,0.1,0.1,0.1,0.02,0.02,,,,,,,0.02,,,0.1,,,,,,0.02,,,,,,,,,,,,,,,,,,,,,,,,,,,,,,,,,,,,,,,,,,,,,,,,,,,,,,,,,,,,,,,,,,,,,,,,,,,,,,,,,,,,,,
7209,2IVWA,18,THR,GLU,LYS,ILE,ARG,LYS,THR,ASP,PRO,ALA,ASN,GLU,GLY,LYS,LYS,ASP,THR,GLU,,,,LEU,GLU,LYS,PHE,SER,LEU,GLU,ASN,MET,ARG,TYR,VAL,GLY,ILE,LEU,LYS,SER,GLY,GLN,LYS,8.68,3.71,175.81,67.3,68.86,119.67,,,,,,,,,1.24,4.07,22.35,,,,,,,,,,,,,,,,,,,,,,,,,,,,,,,,,,,,,,,,,,,,,,,,,,,,,,,,,,,,,,,,,,,,,,,,,,,,,,,,,,,,,,,,,,,,,,0.02,0.02,0.1,0.1,0.1,0.1,,,,,,,,,0.02,0.02,0.1,,,,,,,,,,,,,,,,,,,,,,,,,,,,,,,,,,,,,,,,,,,,,,,,,,,,,,,,,,,,,,,,,,,,,,,,,,,,,,,,,,,,,,,,,,,,,
7209,2IVWA,19,LEU,THR,GLU,LYS,ILE,ARG,LYS,THR,ASP,PRO,ALA,ASN,GLU,GLY,LYS,LYS,ASP,THR,GLU,,,GLU,LYS,PHE,SER,LEU,GLU,ASN,MET,ARG,TYR,VAL,GLY,ILE,LEU,LYS,SER,GLY,GLN,LYS,VAL,8.3,4.2,177.86,56.43,41.05,114.87,1.74,1.91,,,0.27,,21.92,,,,,27.26,,,0.66,,26.19,,,,,,1.24,,,,,,,,,,,,,,,,,,,,,,,,,,,,,,,,,,,,,,,,,,,,,,,,,,,,,,,,,,,,,,,,,,,,,,,,,,,,,,,,,,0.02,0.02,0.1,0.1,0.1,0.1,0.02,0.02,,,0.02,,0.1,,,,,0.1,,,0.02,,0.1,,,,,,0.02,,,,,,,,,,,,,,,,,,,,,,,,,,,,,,,,,,,,,,,,,,,,,,,,,,,,,,,,,,,,,,,,,,,,,,,,,,,,,,,,,
7209,2IVWA,20,GLU,LEU,THR,GLU,LYS,ILE,ARG,LYS,THR,ASP,PRO,ALA,ASN,GLU,GLY,LYS,LYS,ASP,THR,GLU,,LYS,PHE,SER,LEU,GLU,ASN,MET,ARG,TYR,VAL,GLY,ILE,LEU,LYS,SER,GLY,GLN,LYS,VAL,SER,7.81,4.7,175.91,56.92,29.73,116.91,2.08,2.11,,,,,,,2.21,,,36.47,,,,,,2.21,,,,,,,,,,,,,,,,,,,,,,,,,,,,,,,,,,,,,,,,,,,,,,,,,,,,,,,,,,,,,,,,,,,,,,,,,,,,,,,,,,,,,,,0.02,0.02,0.1,0.1,0.1,0.1,0.02,0.02,,,,,,,0.02,,,0.1,,,,,,0.02,,,,,,,,,,,,,,,,,,,,,,,,,,,,,,,,,,,,,,,,,,,,,,,,,,,,,,,,,,,,,,,,,,,,,,,,,,,,,,,,,,,,,,
7209,2IVWA,21,LYS,GLU,LEU,THR,GLU,LYS,ILE,ARG,LYS,THR,ASP,PRO,ALA,ASN,GLU,GLY,LYS,LYS,ASP,THR,GLU,PHE,SER,LEU,GLU,ASN,MET,ARG,TYR,VAL,GLY,ILE,LEU,LYS,SER,GLY,GLN,LYS,VAL,SER,GLY,7.36,4.04,175.45,56.36,31.66,115.64,1.35,1.37,,,,,,,1.08,,,24.26,2.77,41.86,1.46,28.91,,0.97,,,,,,1.46,,,,,,,,,,,,,,,,,2.77,,,,,,,,,,,,,,,,,,,,,,,,,,,,,,,,,,,,,,,,,,,,,,,,,,,,,,,,,,,,,,,,0.02,0.02,0.1,0.1,0.1,0.1,0.02,0.02,,,,,,,0.02,,,0.1,0.02,0.1,0.02,0.1,,0.02,,,,,,0.02,,,,,,,,,,,,,,,,,0.02,,,,,,,,,,,,,,,,,,,,,,,,,,,,,,,,,,,,,,,,,,,,,,,,,,,,,,,,,,,,,,,
7209,2IVWA,22,PHE,LYS,GLU,LEU,THR,GLU,LYS,ILE,ARG,LYS,THR,ASP,PRO,ALA,ASN,GLU,GLY,LYS,LYS,ASP,THR,SER,LEU,GLU,ASN,MET,ARG,TYR,VAL,GLY,ILE,LEU,LYS,SER,GLY,GLN,LYS,VAL,SER,GLY,PHE,6.59,4.81,173.82,55.17,41.82,116.72,3.2,2.6,,,7.12,7.36,,,,,,,7.36,,7.12,,,,,,,,,,,,,,,,,,,,,,,,,,,,,,,,,,,,,,,,,,,,,,,,,,,,,,,,,,,,,,,,,,,,,,,,,,,,,,,,,,,,,,,,,,0.02,0.02,0.1,0.1,0.1,0.1,0.02,0.02,,,0.02,0.02,,,,,,,0.02,,0.02,,,,,,,,,,,,,,,,,,,,,,,,,,,,,,,,,,,,,,,,,,,,,,,,,,,,,,,,,,,,,,,,,,,,,,,,,,,,,,,,,,,,,,,,,
7209,2IVWA,23,SER,PHE,LYS,GLU,LEU,THR,GLU,LYS,ILE,ARG,LYS,THR,ASP,PRO,ALA,ASN,GLU,GLY,LYS,LYS,ASP,LEU,GLU,ASN,MET,ARG,TYR,VAL,GLY,ILE,LEU,LYS,SER,GLY,GLN,LYS,VAL,SER,GLY,PHE,ILE,8.59,4.49,176.69,57.35,63.72,113.55,3.99,3.99,,,,,,,,,,,,,,,,,,,,,,,,,,,,,,,,,,,,,,,,,,,,,,,,,,,,,,,,,,,,,,,,,,,,,,,,,,,,,,,,,,,,,,,,,,,,,,,,,,,,,,,0.02,0.02,0.1,0.1,0.1,0.1,0.02,0.02,,,,,,,,,,,,,,,,,,,,,,,,,,,,,,,,,,,,,,,,,,,,,,,,,,,,,,,,,,,,,,,,,,,,,,,,,,,,,,,,,,,,,,,,,,,,,,,,,,,,,,
7209,2IVWA,24,LEU,SER,PHE,LYS,GLU,LEU,THR,GLU,LYS,ILE,ARG,LYS,THR,ASP,PRO,ALA,ASN,GLU,GLY,LYS,LYS,GLU,ASN,MET,ARG,TYR,VAL,GLY,ILE,LEU,LYS,SER,GLY,GLN,LYS,VAL,SER,GLY,PHE,ILE,GLU,8.88,4.06,178.31,58.26,42.42,126.47,1.68,1.68,,,0.82,,24.47,,,,,27.14,,,0.89,,25.59,,,,,,1.83,,,,,,,,,,,,,,,,,,,,,,,,,,,,,,,,,,,,,,,,,,,,,,,,,,,,,,,,,,,,,,,,,,,,,,,,,,,,,,,,,,0.02,0.02,0.1,0.1,0.1,0.1,0.02,0.02,,,0.02,,0.1,,,,,0.1,,,0.02,,0.1,,,,,,0.02,,,,,,,,,,,,,,,,,,,,,,,,,,,,,,,,,,,,,,,,,,,,,,,,,,,,,,,,,,,,,,,,,,,,,,,,,,,,,,,,,
7209,2IVWA,25,GLU,LEU,SER,PHE,LYS,GLU,LEU,THR,GLU,LYS,ILE,ARG,LYS,THR,ASP,PRO,ALA,ASN,GLU,GLY,LYS,ASN,MET,ARG,TYR,VAL,GLY,ILE,LEU,LYS,SER,GLY,GLN,LYS,VAL,SER,GLY,PHE,ILE,GLU,ALA,8.58,4.21,176.64,58.47,28.92,112.97,2.05,2.05,,,,,,,2.33,,,36.56,,,,,,2.33,,,,,,,,,,,,,,,,,,,,,,,,,,,,,,,,,,,,,,,,,,,,,,,,,,,,,,,,,,,,,,,,,,,,,,,,,,,,,,,,,,,,,,,0.02,0.02,0.1,0.1,0.1,0.1,0.02,0.02,,,,,,,0.02,,,0.1,,,,,,0.02,,,,,,,,,,,,,,,,,,,,,,,,,,,,,,,,,,,,,,,,,,,,,,,,,,,,,,,,,,,,,,,,,,,,,,,,,,,,,,,,,,,,,,
7209,2IVWA,26,ASN,GLU,LEU,SER,PHE,LYS,GLU,LEU,THR,GLU,LYS,ILE,ARG,LYS,THR,ASP,PRO,ALA,ASN,GLU,GLY,MET,ARG,TYR,VAL,GLY,ILE,LEU,LYS,SER,GLY,GLN,LYS,VAL,SER,GLY,PHE,ILE,GLU,ALA,GLU,7.86,5.09,173.41,52.57,39.72,116.54,3.25,2.75,,,,,,,,,,,,,,,,,,,,,,,,,,,,7.08,112.16,7.73,,,,,,,,,,,,,,,,,,,,,,,,,,,,,,,,,,,,,,,,,,,,,,,,,,,,,,,,,,,,,,,,,,,,,,,,,0.02,0.02,0.1,0.1,0.1,0.1,0.02,0.02,,,,,,,,,,,,,,,,,,,,,,,,,,,,0.02,0.1,0.02,,,,,,,,,,,,,,,,,,,,,,,,,,,,,,,,,,,,,,,,,,,,,,,,,,,,,,,,,,,,,,,,,,,,,,,,
7209,2IVWA,27,MET,ASN,GLU,LEU,SER,PHE,LYS,GLU,LEU,THR,GLU,LYS,ILE,ARG,LYS,THR,ASP,PRO,ALA,ASN,GLU,ARG,TYR,VAL,GLY,ILE,LEU,LYS,SER,GLY,GLN,LYS,VAL,SER,GLY,PHE,ILE,GLU,ALA,GLU,GLY,7.58,5.2,174.25,55.17,36.27,117.4,2.06,1.76,,,,,,,2.49,,,32.16,,17.57,,,,2.49,,,,,,,,,,,,,,,,,,,,,,,,2.07,,,,,,,,,,,,,,,,,,,,,,,,,,,,,,,,,,,,,,,,,,,,,,,,,,,,,,,,,,,,,,,0.02,0.02,0.1,0.1,0.1,0.1,0.02,0.02,,,,,,,0.02,,,0.1,,0.1,,,,0.02,,,,,,,,,,,,,,,,,,,,,,,,0.02,,,,,,,,,,,,,,,,,,,,,,,,,,,,,,,,,,,,,,,,,,,,,,,,,,,,,,,,,,,,,,
7209,2IVWA,28,ARG,MET,ASN,GLU,LEU,SER,PHE,LYS,GLU,LEU,THR,GLU,LYS,ILE,ARG,LYS,THR,ASP,PRO,ALA,ASN,TYR,VAL,GLY,ILE,LEU,LYS,SER,GLY,GLN,LYS,VAL,SER,GLY,PHE,ILE,GLU,ALA,GLU,GLY,TYR,8.45,4.83,174.38,54.26,34.1,116.81,1.72,1.72,,,,,,,1.66,,,26.99,,,3.2,43.22,,1.66,,,,,,3.2,,,,,,,,,,,,,,,,,,,,,,,,,,,,,,,,,,,,,,,,,,,,,,,,,,,,,,,,,,,,,,,,,,,,,,,,,,,,,,,,,0.02,0.02,0.1,0.1,0.1,0.1,0.02,0.02,,,,,,,0.02,,,0.1,,,0.02,0.1,,0.02,,,,,,0.02,,,,,,,,,,,,,,,,,,,,,,,,,,,,,,,,,,,,,,,,,,,,,,,,,,,,,,,,,,,,,,,,,,,,,,,,,,,,,,,,
7209,2IVWA,29,TYR,ARG,MET,ASN,GLU,LEU,SER,PHE,LYS,GLU,LEU,THR,GLU,LYS,ILE,ARG,LYS,THR,ASP,PRO,ALA,VAL,GLY,ILE,LEU,LYS,SER,GLY,GLN,LYS,VAL,SER,GLY,PHE,ILE,GLU,ALA,GLU,GLY,TYR,VAL,9.59,5.4,175.02,54.84,37.92,127.01,2.76,2.96,,,7.16,6.63,,,,,,,6.63,,7.16,,,,,,,,,,,,,,,,,,,,,,,,,,,,,,,,,,,,,,,,,,,,,,,,,,,,,,,,,,,,,,,,,,,,,,,,,,,,,,,,,,,,,,,,,,0.02,0.02,0.1,0.1,0.1,0.1,0.02,0.02,,,0.02,0.02,,,,,,,0.02,,0.02,,,,,,,,,,,,,,,,,,,,,,,,,,,,,,,,,,,,,,,,,,,,,,,,,,,,,,,,,,,,,,,,,,,,,,,,,,,,,,,,,,,,,,,,,
7209,2IVWA,30,VAL,TYR,ARG,MET,ASN,GLU,LEU,SER,PHE,LYS,GLU,LEU,THR,GLU,LYS,ILE,ARG,LYS,THR,ASP,PRO,GLY,ILE,LEU,LYS,SER,GLY,GLN,LYS,VAL,SER,GLY,PHE,ILE,GLU,ALA,GLU,GLY,TYR,VAL,TYR,8.66,4.66,176.1,61.14,32.97,118.04,,,,,,,,,0.73,2.45,18.6,,,,,,,,,,,,,,,,,0.88,21.67,,,,,,,,,,,,,,,,,,,,,,,,,,,,,,,,,,,,,,,,,,,,,,,,,,,,,,,,,,,,,,,,,,,,,,,,,,,,0.02,0.02,0.1,0.1,0.1,0.1,,,,,,,,,0.02,0.02,0.1,,,,,,,,,,,,,,,,,0.02,0.1,,,,,,,,,,,,,,,,,,,,,,,,,,,,,,,,,,,,,,,,,,,,,,,,,,,,,,,,,,,,,,,,,,,,,,,,,,,
7209,2IVWA,31,GLY,VAL,TYR,ARG,MET,ASN,GLU,LEU,SER,PHE,LYS,GLU,LEU,THR,GLU,LYS,ILE,ARG,LYS,THR,ASP,ILE,LEU,LYS,SER,GLY,GLN,LYS,VAL,SER,GLY,PHE,ILE,GLU,ALA,GLU,GLY,TYR,VAL,TYR,THR,6.84,,168.85,46.05,,107.87,,,,,,,,,,,,,,,,,,,,,3.74,4.42,,,,,,,,,,,,,,,,,,,,,,,,,,,,,,,,,,,,,,,,,,,,,,,,,,,,,,,,,,,,,,,,,,,,,,,,,,,,,,,,,,,0.02,,0.1,0.1,,0.1,,,,,,,,,,,,,,,,,,,,,0.02,0.02,,,,,,,,,,,,,,,,,,,,,,,,,,,,,,,,,,,,,,,,,,,,,,,,,,,,,,,,,,,,,,,,,,,,,,,,,,,,,,,,,,
7209,2IVWA,32,ILE,GLY,VAL,TYR,ARG,MET,ASN,GLU,LEU,SER,PHE,LYS,GLU,LEU,THR,GLU,LYS,ILE,ARG,LYS,THR,LEU,LYS,SER,GLY,GLN,LYS,VAL,SER,GLY,PHE,ILE,GLU,ALA,GLU,GLY,TYR,VAL,TYR,THR,VAL,8.38,5.02,172.75,59.64,41.22,119.95,,,,,0.64,,13.8,,0.89,2.0,14.98,,,,,,,,1.65,1.65,,,,,,,,,27.07,,,,,,,,,,,,,,,,,,,,,,,,,,,,,,,,,,,,,,,,,,,,,,,,,,,,,,,,,,,,,,,,,,,,,,,,,,,,0.02,0.02,0.1,0.1,0.1,0.1,,,,,0.02,,0.1,,0.02,0.02,0.1,,,,,,,,0.02,0.02,,,,,,,,,0.1,,,,,,,,,,,,,,,,,,,,,,,,,,,,,,,,,,,,,,,,,,,,,,,,,,,,,,,,,,,,,,,,,,,,,,,,,,,
7209,2IVWA,33,LEU,ILE,GLY,VAL,TYR,ARG,MET,ASN,GLU,LEU,SER,PHE,LYS,GLU,LEU,THR,GLU,LYS,ILE,ARG,LYS,LYS,SER,GLY,GLN,LYS,VAL,SER,GLY,PHE,ILE,GLU,ALA,GLU,GLY,TYR,VAL,TYR,THR,VAL,GLY,8.67,4.65,174.92,54.23,44.98,127.86,1.51,1.29,,,0.88,,,,,,,28.0,,,0.95,,,,,,,,1.77,,,,,,,,,,,,,,,,,,,,,,,,,,,,,,,,,,,,,,,,,,,,,,,,,,,,,,,,,,,,,,,,,,,,,,,,,,,,,,,,,,0.02,0.02,0.1,0.1,0.1,0.1,0.02,0.02,,,0.02,,,,,,,0.1,,,0.02,,,,,,,,0.02,,,,,,,,,,,,,,,,,,,,,,,,,,,,,,,,,,,,,,,,,,,,,,,,,,,,,,,,,,,,,,,,,,,,,,,,,,,,,,,,,
7209,2IVWA,34,LYS,LEU,ILE,GLY,VAL,TYR,ARG,MET,ASN,GLU,LEU,SER,PHE,LYS,GLU,LEU,THR,GLU,LYS,ILE,ARG,SER,GLY,GLN,LYS,VAL,SER,GLY,PHE,ILE,GLU,ALA,GLU,GLY,TYR,VAL,TYR,THR,VAL,GLY,VAL,8.9,4.86,175.4,55.46,33.32,126.72,1.73,1.88,,,,,,,1.34,,,25.03,3.0,41.65,1.76,29.22,,1.34,,,,,,1.76,,,,,,,,,,,,,,,,,3.0,,,,,,,,,,,,,,,,,,,,,,,,,,,,,,,,,,,,,,,,,,,,,,,,,,,,,,,,,,,,,,,,0.02,0.02,0.1,0.1,0.1,0.1,0.02,0.02,,,,,,,0.02,,,0.1,0.02,0.1,0.02,0.1,,0.02,,,,,,0.02,,,,,,,,,,,,,,,,,0.02,,,,,,,,,,,,,,,,,,,,,,,,,,,,,,,,,,,,,,,,,,,,,,,,,,,,,,,,,,,,,,,
7209,2IVWA,35,SER,LYS,LEU,ILE,GLY,VAL,TYR,ARG,MET,ASN,GLU,LEU,SER,PHE,LYS,GLU,LEU,THR,GLU,LYS,ILE,GLY,GLN,LYS,VAL,SER,GLY,PHE,ILE,GLU,ALA,GLU,GLY,TYR,VAL,TYR,THR,VAL,GLY,VAL,GLY,8.17,3.85,174.65,56.54,63.57,118.09,3.77,3.77,,,,,,,,,,,,,,,,,,,,,,,,,,,,,,,,,,,,,,,,,,,,,,,,,,,,,,,,,,,,,,,,,,,,,,,,,,,,,,,,,,,,,,,,,,,,,,,,,,,,,,,0.02,0.02,0.1,0.1,0.1,0.1,0.02,0.02,,,,,,,,,,,,,,,,,,,,,,,,,,,,,,,,,,,,,,,,,,,,,,,,,,,,,,,,,,,,,,,,,,,,,,,,,,,,,,,,,,,,,,,,,,,,,,,,,,,,,,
7209,2IVWA,36,GLY,SER,LYS,LEU,ILE,GLY,VAL,TYR,ARG,MET,ASN,GLU,LEU,SER,PHE,LYS,GLU,LEU,THR,GLU,LYS,GLN,LYS,VAL,SER,GLY,PHE,ILE,GLU,ALA,GLU,GLY,TYR,VAL,TYR,THR,VAL,GLY,VAL,GLY,ASN,8.88,,174.48,46.58,,115.21,,,,,,,,,,,,,,,,,,,,,3.79,4.03,,,,,,,,,,,,,,,,,,,,,,,,,,,,,,,,,,,,,,,,,,,,,,,,,,,,,,,,,,,,,,,,,,,,,,,,,,,,,,,,,,,0.02,,0.1,0.1,,0.1,,,,,,,,,,,,,,,,,,,,,0.02,0.02,,,,,,,,,,,,,,,,,,,,,,,,,,,,,,,,,,,,,,,,,,,,,,,,,,,,,,,,,,,,,,,,,,,,,,,,,,,,,,,,,,
7209,2IVWA,37,GLN,GLY,SER,LYS,LEU,ILE,GLY,VAL,TYR,ARG,MET,ASN,GLU,LEU,SER,PHE,LYS,GLU,LEU,THR,GLU,LYS,VAL,SER,GLY,PHE,ILE,GLU,ALA,GLU,GLY,TYR,VAL,TYR,THR,VAL,GLY,VAL,GLY,ASN,TYR,8.8,4.3,175.3,56.4,28.92,122.37,2.0,2.29,,,,,,,2.39,,,33.66,,,,,,2.39,,,,,,,,,,,,,,,,,,,,,,,,,,,,,,,,,,,,,,,,,,,,,,,,,,,,,,,,,,,,,,,,,,,,,,,,,,,,,,,,,,,,,,,0.02,0.02,0.1,0.1,0.1,0.1,0.02,0.02,,,,,,,0.02,,,0.1,,,,,,0.02,,,,,,,,,,,,,,,,,,,,,,,,,,,,,,,,,,,,,,,,,,,,,,,,,,,,,,,,,,,,,,,,,,,,,,,,,,,,,,,,,,,,,,
7209,2IVWA,38,LYS,GLN,GLY,SER,LYS,LEU,ILE,GLY,VAL,TYR,ARG,MET,ASN,GLU,LEU,SER,PHE,LYS,GLU,LEU,THR,VAL,SER,GLY,PHE,ILE,GLU,ALA,GLU,GLY,TYR,VAL,TYR,THR,VAL,GLY,VAL,GLY,ASN,TYR,LEU,7.93,4.56,175.15,55.7,34.02,119.95,1.87,1.87,,,,,,,1.42,,,24.47,3.0,41.78,1.7,28.66,,1.42,,,,,,1.7,,,,,,,,,,,,,,,,,3.0,,,,,,,,,,,,,,,,,,,,,,,,,,,,,,,,,,,,,,,,,,,,,,,,,,,,,,,,,,,,,,,,0.02,0.02,0.1,0.1,0.1,0.1,0.02,0.02,,,,,,,0.02,,,0.1,0.02,0.1,0.02,0.1,,0.02,,,,,,0.02,,,,,,,,,,,,,,,,,0.02,,,,,,,,,,,,,,,,,,,,,,,,,,,,,,,,,,,,,,,,,,,,,,,,,,,,,,,,,,,,,,,
7209,2IVWA,39,VAL,LYS,GLN,GLY,SER,LYS,LEU,ILE,GLY,VAL,TYR,ARG,MET,ASN,GLU,LEU,SER,PHE,LYS,GLU,LEU,SER,GLY,PHE,ILE,GLU,ALA,GLU,GLY,TYR,VAL,TYR,THR,VAL,GLY,VAL,GLY,ASN,TYR,LEU,GLY,8.23,4.75,174.58,61.67,33.62,123.55,,,,,,,,,0.94,1.94,21.23,,,,,,,,,,,,,,,,,0.94,21.23,,,,,,,,,,,,,,,,,,,,,,,,,,,,,,,,,,,,,,,,,,,,,,,,,,,,,,,,,,,,,,,,,,,,,,,,,,,,0.02,0.02,0.1,0.1,0.1,0.1,,,,,,,,,0.02,0.02,0.1,,,,,,,,,,,,,,,,,0.02,0.1,,,,,,,,,,,,,,,,,,,,,,,,,,,,,,,,,,,,,,,,,,,,,,,,,,,,,,,,,,,,,,,,,,,,,,,,,,,
7209,2IVWA,40,SER,VAL,LYS,GLN,GLY,SER,LYS,LEU,ILE,GLY,VAL,TYR,ARG,MET,ASN,GLU,LEU,SER,PHE,LYS,GLU,GLY,PHE,ILE,GLU,ALA,GLU,GLY,TYR,VAL,TYR,THR,VAL,GLY,VAL,GLY,ASN,TYR,LEU,GLY,GLN,8.77,5.19,171.44,56.93,65.7,121.01,3.48,3.75,,,,,,,,,,,,,,,,,,,,,,,,,,,,,,,,,,,,,,,,,,,,,,,,,,,,,,,,,,,,,,,,,,,,,,,,,,,,,,,,,,,,,,,,,,,,,,,,,,,,,,,0.02,0.02,0.1,0.1,0.1,0.1,0.02,0.02,,,,,,,,,,,,,,,,,,,,,,,,,,,,,,,,,,,,,,,,,,,,,,,,,,,,,,,,,,,,,,,,,,,,,,,,,,,,,,,,,,,,,,,,,,,,,,,,,,,,,,
7209,2IVWA,41,GLY,SER,VAL,LYS,GLN,GLY,SER,LYS,LEU,ILE,GLY,VAL,TYR,ARG,MET,ASN,GLU,LEU,SER,PHE,LYS,PHE,ILE,GLU,ALA,GLU,GLY,TYR,VAL,TYR,THR,VAL,GLY,VAL,GLY,ASN,TYR,LEU,GLY,GLN,ASN,9.12,,170.62,43.45,,107.79,,,,,,,,,,,,,,,,,,,,,5.04,3.24,,,,,,,,,,,,,,,,,,,,,,,,,,,,,,,,,,,,,,,,,,,,,,,,,,,,,,,,,,,,,,,,,,,,,,,,,,,,,,,,,,,0.02,,0.1,0.1,,0.1,,,,,,,,,,,,,,,,,,,,,0.02,0.02,,,,,,,,,,,,,,,,,,,,,,,,,,,,,,,,,,,,,,,,,,,,,,,,,,,,,,,,,,,,,,,,,,,,,,,,,,,,,,,,,,
7209,2IVWA,42,PHE,GLY,SER,VAL,LYS,GLN,GLY,SER,LYS,LEU,ILE,GLY,VAL,TYR,ARG,MET,ASN,GLU,LEU,SER,PHE,ILE,GLU,ALA,GLU,GLY,TYR,VAL,TYR,THR,VAL,GLY,VAL,GLY,ASN,TYR,LEU,GLY,GLN,ASN,TYR,8.78,5.84,175.18,55.87,40.66,118.94,2.72,2.72,7.16,,6.96,7.21,,,,,,,7.21,,6.96,,,,,,,,,,,,,,,,,,,,,,,,,,,,,,,,,,,,,,,,,,,,,,,,,,,,,,,,,,,,,,,,,,,,,,,,,,,,,,,,,,,,,,,,,,0.02,0.02,0.1,0.1,0.1,0.1,0.02,0.02,0.02,,0.02,0.02,,,,,,,0.02,,0.02,,,,,,,,,,,,,,,,,,,,,,,,,,,,,,,,,,,,,,,,,,,,,,,,,,,,,,,,,,,,,,,,,,,,,,,,,,,,,,,,,,,,,,,,,
7209,2IVWA,43,ILE,PHE,GLY,SER,VAL,LYS,GLN,GLY,SER,LYS,LEU,ILE,GLY,VAL,TYR,ARG,MET,ASN,GLU,LEU,SER,GLU,ALA,GLU,GLY,TYR,VAL,TYR,THR,VAL,GLY,VAL,GLY,ASN,TYR,LEU,GLY,GLN,ASN,TYR,GLY,9.38,5.34,174.47,56.88,40.58,124.41,,,,,0.71,,18.37,,0.93,1.88,18.07,,,,,,,,1.29,1.29,,,,,,,,,27.54,,,,,,,,,,,,,,,,,,,,,,,,,,,,,,,,,,,,,,,,,,,,,,,,,,,,,,,,,,,,,,,,,,,,,,,,,,,,0.02,0.02,0.1,0.1,0.1,0.1,,,,,0.02,,0.1,,0.02,0.02,0.1,,,,,,,,0.02,0.02,,,,,,,,,0.1,,,,,,,,,,,,,,,,,,,,,,,,,,,,,,,,,,,,,,,,,,,,,,,,,,,,,,,,,,,,,,,,,,,,,,,,,,,
7209,2IVWA,44,GLU,ILE,PHE,GLY,SER,VAL,LYS,GLN,GLY,SER,LYS,LEU,ILE,GLY,VAL,TYR,ARG,MET,ASN,GLU,LEU,ALA,GLU,GLY,TYR,VAL,TYR,THR,VAL,GLY,VAL,GLY,ASN,TYR,LEU,GLY,GLN,ASN,TYR,GLY,ARG,9.66,5.43,175.32,54.61,32.67,128.52,2.05,1.87,,,,,,,1.92,,,33.99,,,,,,1.92,,,,,,,,,,,,,,,,,,,,,,,,,,,,,,,,,,,,,,,,,,,,,,,,,,,,,,,,,,,,,,,,,,,,,,,,,,,,,,,,,,,,,,,0.02,0.02,0.1,0.1,0.1,0.1,0.02,0.02,,,,,,,0.02,,,0.1,,,,,,0.02,,,,,,,,,,,,,,,,,,,,,,,,,,,,,,,,,,,,,,,,,,,,,,,,,,,,,,,,,,,,,,,,,,,,,,,,,,,,,,,,,,,,,,
7209,2IVWA,45,ALA,GLU,ILE,PHE,GLY,SER,VAL,LYS,GLN,GLY,SER,LYS,LEU,ILE,GLY,VAL,TYR,ARG,MET,ASN,GLU,GLU,GLY,TYR,VAL,TYR,THR,VAL,GLY,VAL,GLY,ASN,TYR,LEU,GLY,GLN,ASN,TYR,GLY,ARG,ILE,9.14,4.61,175.82,52.24,20.75,128.5,,,,,,,,,,0.75,,,,,,,,,,,,,,,,,,,,,,,,,,,,,,,,,,,,,,,,,,,,,,,,,,,,,,,,,,,,,,,,,,,,,,,,,,,,,,,,,,,,,,,,,,,,,,,0.02,0.02,0.1,0.1,0.1,0.1,,,,,,,,,,0.02,,,,,,,,,,,,,,,,,,,,,,,,,,,,,,,,,,,,,,,,,,,,,,,,,,,,,,,,,,,,,,,,,,,,,,,,,,,,,,,,,,,,,,,,,,,,,,
7209,2IVWA,46,GLU,ALA,GLU,ILE,PHE,GLY,SER,VAL,LYS,GLN,GLY,SER,LYS,LEU,ILE,GLY,VAL,TYR,ARG,MET,ASN,GLY,TYR,VAL,TYR,THR,VAL,GLY,VAL,GLY,ASN,TYR,LEU,GLY,GLN,ASN,TYR,GLY,ARG,ILE,GLU,9.4,3.83,175.71,56.85,27.99,123.38,1.9,2.34,,,,,,,2.19,,,37.0,,,,,,2.19,,,,,,,,,,,,,,,,,,,,,,,,,,,,,,,,,,,,,,,,,,,,,,,,,,,,,,,,,,,,,,,,,,,,,,,,,,,,,,,,,,,,,,,0.02,0.02,0.1,0.1,0.1,0.1,0.02,0.02,,,,,,,0.02,,,0.1,,,,,,0.02,,,,,,,,,,,,,,,,,,,,,,,,,,,,,,,,,,,,,,,,,,,,,,,,,,,,,,,,,,,,,,,,,,,,,,,,,,,,,,,,,,,,,,
7209,2IVWA,47,GLY,GLU,ALA,GLU,ILE,PHE,GLY,SER,VAL,LYS,GLN,GLY,SER,LYS,LEU,ILE,GLY,VAL,TYR,ARG,MET,TYR,VAL,TYR,THR,VAL,GLY,VAL,GLY,ASN,TYR,LEU,GLY,GLN,ASN,TYR,GLY,ARG,ILE,GLU,SER,8.79,,173.14,45.49,,103.52,,,,,,,,,,,,,,,,,,,,,3.54,4.05,,,,,,,,,,,,,,,,,,,,,,,,,,,,,,,,,,,,,,,,,,,,,,,,,,,,,,,,,,,,,,,,,,,,,,,,,,,,,,,,,,,0.02,,0.1,0.1,,0.1,,,,,,,,,,,,,,,,,,,,,0.02,0.02,,,,,,,,,,,,,,,,,,,,,,,,,,,,,,,,,,,,,,,,,,,,,,,,,,,,,,,,,,,,,,,,,,,,,,,,,,,,,,,,,,
7209,2IVWA,48,TYR,GLY,GLU,ALA,GLU,ILE,PHE,GLY,SER,VAL,LYS,GLN,GLY,SER,LYS,LEU,ILE,GLY,VAL,TYR,ARG,VAL,TYR,THR,VAL,GLY,VAL,GLY,ASN,TYR,LEU,GLY,GLN,ASN,TYR,GLY,ARG,ILE,GLU,SER,ILE,7.86,4.58,172.67,56.98,41.37,121.7,2.81,2.81,,,6.89,7.61,,,,,,,7.61,,6.89,,,,,,,,,,,,,,,,,,,,,,,,,,,,,,,,,,,,,,,,,,,,,,,,,,,,,,,,,,,,,,,,,,,,,,,,,,,,,,,,,,,,,,,,,,0.02,0.02,0.1,0.1,0.1,0.1,0.02,0.02,,,0.02,0.02,,,,,,,0.02,,0.02,,,,,,,,,,,,,,,,,,,,,,,,,,,,,,,,,,,,,,,,,,,,,,,,,,,,,,,,,,,,,,,,,,,,,,,,,,,,,,,,,,,,,,,,,
7209,2IVWA,49,VAL,TYR,GLY,GLU,ALA,GLU,ILE,PHE,GLY,SER,VAL,LYS,GLN,GLY,SER,LYS,LEU,ILE,GLY,VAL,TYR,TYR,THR,VAL,GLY,VAL,GLY,ASN,TYR,LEU,GLY,GLN,ASN,TYR,GLY,ARG,ILE,GLU,SER,ILE,THR,7.55,4.73,174.75,61.88,32.07,121.56,,,,,,,,,0.73,1.66,21.63,,,,,,,,,,,,,,,,,0.73,21.63,,,,,,,,,,,,,,,,,,,,,,,,,,,,,,,,,,,,,,,,,,,,,,,,,,,,,,,,,,,,,,,,,,,,,,,,,,,,0.02,0.02,0.1,0.1,0.1,0.1,,,,,,,,,0.02,0.02,0.1,,,,,,,,,,,,,,,,,0.02,0.1,,,,,,,,,,,,,,,,,,,,,,,,,,,,,,,,,,,,,,,,,,,,,,,,,,,,,,,,,,,,,,,,,,,,,,,,,,,
7209,2IVWA,50,TYR,VAL,TYR,GLY,GLU,ALA,GLU,ILE,PHE,GLY,SER,VAL,LYS,GLN,GLY,SER,LYS,LEU,ILE,GLY,VAL,THR,VAL,GLY,VAL,GLY,ASN,TYR,LEU,GLY,GLN,ASN,TYR,GLY,ARG,ILE,GLU,SER,ILE,THR,ASP,9.84,4.73,175.18,57.45,41.87,128.48,2.85,3.23,,,7.36,6.9,,,,,,,6.9,,7.36,,,,,,,,,,,,,,,,,,,,,,,,,,,,,,,,,,,,,,,,,,,,,,,,,,,,,,,,,,,,,,,,,,,,,,,,,,,,,,,,,,,,,,,,,,0.02,0.02,0.1,0.1,0.1,0.1,0.02,0.02,,,0.02,0.02,,,,,,,0.02,,0.02,,,,,,,,,,,,,,,,,,,,,,,,,,,,,,,,,,,,,,,,,,,,,,,,,,,,,,,,,,,,,,,,,,,,,,,,,,,,,,,,,,,,,,,,,
7209,2IVWA,51,THR,TYR,VAL,TYR,GLY,GLU,ALA,GLU,ILE,PHE,GLY,SER,VAL,LYS,GLN,GLY,SER,LYS,LEU,ILE,GLY,VAL,GLY,VAL,GLY,ASN,TYR,LEU,GLY,GLN,ASN,TYR,GLY,ARG,ILE,GLU,SER,ILE,THR,ASP,ASP,8.74,5.23,174.55,61.91,69.73,116.85,,,,,,,,,1.1,4.05,21.55,,,,,,,,,,,,,,,,,,,,,,,,,,,,,,,,,,,,,,,,,,,,,,,,,,,,,,,,,,,,,,,,,,,,,,,,,,,,,,,,,,,,,,,,,,,,,,0.02,0.02,0.1,0.1,0.1,0.1,,,,,,,,,0.02,0.02,0.1,,,,,,,,,,,,,,,,,,,,,,,,,,,,,,,,,,,,,,,,,,,,,,,,,,,,,,,,,,,,,,,,,,,,,,,,,,,,,,,,,,,,,,,,,,,,,
7209,2IVWA,52,VAL,THR,TYR,VAL,TYR,GLY,GLU,ALA,GLU,ILE,PHE,GLY,SER,VAL,LYS,GLN,GLY,SER,LYS,LEU,ILE,GLY,VAL,GLY,ASN,TYR,LEU,GLY,GLN,ASN,TYR,GLY,ARG,ILE,GLU,SER,ILE,THR,ASP,ASP,SER,9.14,4.75,173.49,59.03,36.29,118.48,,,,,,,,,0.58,2.05,17.99,,,,,,,,,,,,,,,,,0.8,22.51,,,,,,,,,,,,,,,,,,,,,,,,,,,,,,,,,,,,,,,,,,,,,,,,,,,,,,,,,,,,,,,,,,,,,,,,,,,,0.02,0.02,0.1,0.1,0.1,0.1,,,,,,,,,0.02,0.02,0.1,,,,,,,,,,,,,,,,,0.02,0.1,,,,,,,,,,,,,,,,,,,,,,,,,,,,,,,,,,,,,,,,,,,,,,,,,,,,,,,,,,,,,,,,,,,,,,,,,,,
7209,2IVWA,53,GLY,VAL,THR,TYR,VAL,TYR,GLY,GLU,ALA,GLU,ILE,PHE,GLY,SER,VAL,LYS,GLN,GLY,SER,LYS,LEU,VAL,GLY,ASN,TYR,LEU,GLY,GLN,ASN,TYR,GLY,ARG,ILE,GLU,SER,ILE,THR,ASP,ASP,SER,ILE,8.74,,172.92,43.17,,107.37,,,,,,,,,,,,,,,,,,,,,3.74,4.65,,,,,,,,,,,,,,,,,,,,,,,,,,,,,,,,,,,,,,,,,,,,,,,,,,,,,,,,,,,,,,,,,,,,,,,,,,,,,,,,,,,0.02,,0.1,0.1,,0.1,,,,,,,,,,,,,,,,,,,,,0.02,0.02,,,,,,,,,,,,,,,,,,,,,,,,,,,,,,,,,,,,,,,,,,,,,,,,,,,,,,,,,,,,,,,,,,,,,,,,,,,,,,,,,,
7209,2IVWA,54,VAL,GLY,VAL,THR,TYR,VAL,TYR,GLY,GLU,ALA,GLU,ILE,PHE,GLY,SER,VAL,LYS,GLN,GLY,SER,LYS,GLY,ASN,TYR,LEU,GLY,GLN,ASN,TYR,GLY,ARG,ILE,GLU,SER,ILE,THR,ASP,ASP,SER,ILE,VAL,8.63,3.29,177.68,65.63,31.13,118.97,,,,,,,,,0.92,1.88,21.52,,,,,,,,,,,,,,,,,0.92,21.52,,,,,,,,,,,,,,,,,,,,,,,,,,,,,,,,,,,,,,,,,,,,,,,,,,,,,,,,,,,,,,,,,,,,,,,,,,,,0.02,0.02,0.1,0.1,0.1,0.1,,,,,,,,,0.02,0.02,0.1,,,,,,,,,,,,,,,,,0.02,0.1,,,,,,,,,,,,,,,,,,,,,,,,,,,,,,,,,,,,,,,,,,,,,,,,,,,,,,,,,,,,,,,,,,,,,,,,,,,
7209,2IVWA,55,GLY,VAL,GLY,VAL,THR,TYR,VAL,TYR,GLY,GLU,ALA,GLU,ILE,PHE,GLY,SER,VAL,LYS,GLN,GLY,SER,ASN,TYR,LEU,GLY,GLN,ASN,TYR,GLY,ARG,ILE,GLU,SER,ILE,THR,ASP,ASP,SER,ILE,VAL,LEU,8.66,,174.93,44.57,,115.09,,,,,,,,,,,,,,,,,,,,,4.52,3.37,,,,,,,,,,,,,,,,,,,,,,,,,,,,,,,,,,,,,,,,,,,,,,,,,,,,,,,,,,,,,,,,,,,,,,,,,,,,,,,,,,,0.02,,0.1,0.1,,0.1,,,,,,,,,,,,,,,,,,,,,0.02,0.02,,,,,,,,,,,,,,,,,,,,,,,,,,,,,,,,,,,,,,,,,,,,,,,,,,,,,,,,,,,,,,,,,,,,,,,,,,,,,,,,,,
7209,2IVWA,56,ASN,GLY,VAL,GLY,VAL,THR,TYR,VAL,TYR,GLY,GLU,ALA,GLU,ILE,PHE,GLY,SER,VAL,LYS,GLN,GLY,TYR,LEU,GLY,GLN,ASN,TYR,GLY,ARG,ILE,GLU,SER,ILE,THR,ASP,ASP,SER,ILE,VAL,LEU,ASN,7.75,5.13,172.46,55.73,40.66,117.13,2.9,3.41,,,,,,,,,,,,,,,,,,,,,,,,,,,,7.21,110.28,8.46,,,,,,,,,,,,,,,,,,,,,,,,,,,,,,,,,,,,,,,,,,,,,,,,,,,,,,,,,,,,,,,,,,,,,,,,,0.02,0.02,0.1,0.1,0.1,0.1,0.02,0.02,,,,,,,,,,,,,,,,,,,,,,,,,,,,0.02,0.1,0.02,,,,,,,,,,,,,,,,,,,,,,,,,,,,,,,,,,,,,,,,,,,,,,,,,,,,,,,,,,,,,,,,,,,,,,,,
7209,2IVWA,57,TYR,ASN,GLY,VAL,GLY,VAL,THR,TYR,VAL,TYR,GLY,GLU,ALA,GLU,ILE,PHE,GLY,SER,VAL,LYS,GLN,LEU,GLY,GLN,ASN,TYR,GLY,ARG,ILE,GLU,SER,ILE,THR,ASP,ASP,SER,ILE,VAL,LEU,ASN,GLU,8.44,5.54,175.34,57.28,42.27,117.8,2.63,2.61,,,6.85,6.72,,,,,,,6.72,,6.85,,,,,,,,,,,,,,,,,,,,,,,,,,,,,,,,,,,,,,,,,,,,,,,,,,,,,,,,,,,,,,,,,,,,,,,,,,,,,,,,,,,,,,,,,,0.02,0.02,0.1,0.1,0.1,0.1,0.02,0.02,,,0.02,0.02,,,,,,,0.02,,0.02,,,,,,,,,,,,,,,,,,,,,,,,,,,,,,,,,,,,,,,,,,,,,,,,,,,,,,,,,,,,,,,,,,,,,,,,,,,,,,,,,,,,,,,,,
7209,2IVWA,58,LEU,TYR,ASN,GLY,VAL,GLY,VAL,THR,TYR,VAL,TYR,GLY,GLU,ALA,GLU,ILE,PHE,GLY,SER,VAL,LYS,GLY,GLN,ASN,TYR,GLY,ARG,ILE,GLU,SER,ILE,THR,ASP,ASP,SER,ILE,VAL,LEU,ASN,GLU,LEU,9.12,4.19,176.45,54.19,46.19,116.83,1.39,1.53,,,0.75,,24.7,,,,,26.82,,,0.86,,26.7,,,,,,1.52,,,,,,,,,,,,,,,,,,,,,,,,,,,,,,,,,,,,,,,,,,,,,,,,,,,,,,,,,,,,,,,,,,,,,,,,,,,,,,,,,,0.02,0.02,0.1,0.1,0.1,0.1,0.02,0.02,,,0.02,,0.1,,,,,0.1,,,0.02,,0.1,,,,,,0.02,,,,,,,,,,,,,,,,,,,,,,,,,,,,,,,,,,,,,,,,,,,,,,,,,,,,,,,,,,,,,,,,,,,,,,,,,,,,,,,,,
7209,2IVWA,59,GLY,LEU,TYR,ASN,GLY,VAL,GLY,VAL,THR,TYR,VAL,TYR,GLY,GLU,ALA,GLU,ILE,PHE,GLY,SER,VAL,GLN,ASN,TYR,GLY,ARG,ILE,GLU,SER,ILE,THR,ASP,ASP,SER,ILE,VAL,LEU,ASN,GLU,LEU,ILE,7.78,,173.5,44.19,,107.16,,,,,,,,,,,,,,,,,,,,,4.87,4.08,,,,,,,,,,,,,,,,,,,,,,,,,,,,,,,,,,,,,,,,,,,,,,,,,,,,,,,,,,,,,,,,,,,,,,,,,,,,,,,,,,,0.02,,0.1,0.1,,0.1,,,,,,,,,,,,,,,,,,,,,0.02,0.02,,,,,,,,,,,,,,,,,,,,,,,,,,,,,,,,,,,,,,,,,,,,,,,,,,,,,,,,,,,,,,,,,,,,,,,,,,,,,,,,,,
7209,2IVWA,60,GLN,GLY,LEU,TYR,ASN,GLY,VAL,GLY,VAL,THR,TYR,VAL,TYR,GLY,GLU,ALA,GLU,ILE,PHE,GLY,SER,ASN,TYR,GLY,ARG,ILE,GLU,SER,ILE,THR,ASP,ASP,SER,ILE,VAL,LEU,ASN,GLU,LEU,ILE,GLU,8.45,4.28,175.47,56.5,29.37,112.87,1.81,2.31,,,,,,,2.42,,,34.2,,,,,,2.42,,,,,,,,,,,,,,,,,,,,,,,,,,,,,,,,,,,,,,,,,,,,,,,,,,,,,,,,,,,,,,,,,,,,,,,,,,,,,,,,,,,,,,,0.02,0.02,0.1,0.1,0.1,0.1,0.02,0.02,,,,,,,0.02,,,0.1,,,,,,0.02,,,,,,,,,,,,,,,,,,,,,,,,,,,,,,,,,,,,,,,,,,,,,,,,,,,,,,,,,,,,,,,,,,,,,,,,,,,,,,,,,,,,,,
7209,2IVWA,61,ASN,GLN,GLY,LEU,TYR,ASN,GLY,VAL,GLY,VAL,THR,TYR,VAL,TYR,GLY,GLU,ALA,GLU,ILE,PHE,GLY,TYR,GLY,ARG,ILE,GLU,SER,ILE,THR,ASP,ASP,SER,ILE,VAL,LEU,ASN,GLU,LEU,ILE,GLU,ASP,9.38,5.24,172.5,53.04,39.54,120.75,2.36,3.07,,,,,,,,,,,,,,,,,,,,,,,,,,,,7.03,116.81,8.41,,,,,,,,,,,,,,,,,,,,,,,,,,,,,,,,,,,,,,,,,,,,,,,,,,,,,,,,,,,,,,,,,,,,,,,,,0.02,0.02,0.1,0.1,0.1,0.1,0.02,0.02,,,,,,,,,,,,,,,,,,,,,,,,,,,,0.02,0.1,0.02,,,,,,,,,,,,,,,,,,,,,,,,,,,,,,,,,,,,,,,,,,,,,,,,,,,,,,,,,,,,,,,,,,,,,,,,
7209,2IVWA,62,TYR,ASN,GLN,GLY,LEU,TYR,ASN,GLY,VAL,GLY,VAL,THR,TYR,VAL,TYR,GLY,GLU,ALA,GLU,ILE,PHE,GLY,ARG,ILE,GLU,SER,ILE,THR,ASP,ASP,SER,ILE,VAL,LEU,ASN,GLU,LEU,ILE,GLU,ASP,SER,8.41,3.73,175.12,58.96,35.0,112.48,3.24,3.38,,,7.04,6.82,,,,,,,6.82,,7.04,,,,,,,,,,,,,,,,,,,,,,,,,,,,,,,,,,,,,,,,,,,,,,,,,,,,,,,,,,,,,,,,,,,,,,,,,,,,,,,,,,,,,,,,,,0.02,0.02,0.1,0.1,0.1,0.1,0.02,0.02,,,0.02,0.02,,,,,,,0.02,,0.02,,,,,,,,,,,,,,,,,,,,,,,,,,,,,,,,,,,,,,,,,,,,,,,,,,,,,,,,,,,,,,,,,,,,,,,,,,,,,,,,,,,,,,,,,
7209,2IVWA,63,GLY,TYR,ASN,GLN,GLY,LEU,TYR,ASN,GLY,VAL,GLY,VAL,THR,TYR,VAL,TYR,GLY,GLU,ALA,GLU,ILE,ARG,ILE,GLU,SER,ILE,THR,ASP,ASP,SER,ILE,VAL,LEU,ASN,GLU,LEU,ILE,GLU,ASP,SER,THR,7.8,,171.02,47.87,,102.31,,,,,,,,,,,,,,,,,,,,,4.14,3.54,,,,,,,,,,,,,,,,,,,,,,,,,,,,,,,,,,,,,,,,,,,,,,,,,,,,,,,,,,,,,,,,,,,,,,,,,,,,,,,,,,,0.02,,0.1,0.1,,0.1,,,,,,,,,,,,,,,,,,,,,0.02,0.02,,,,,,,,,,,,,,,,,,,,,,,,,,,,,,,,,,,,,,,,,,,,,,,,,,,,,,,,,,,,,,,,,,,,,,,,,,,,,,,,,,
7209,2IVWA,64,ARG,GLY,TYR,ASN,GLN,GLY,LEU,TYR,ASN,GLY,VAL,GLY,VAL,THR,TYR,VAL,TYR,GLY,GLU,ALA,GLU,ILE,GLU,SER,ILE,THR,ASP,ASP,SER,ILE,VAL,LEU,ASN,GLU,LEU,ILE,GLU,ASP,SER,THR,GLY,8.27,4.04,177.16,54.94,32.16,128.55,1.37,1.7,,,,,,,1.71,,,28.63,,,3.03,41.65,,1.71,,,,,,3.03,,,,,,,,,,,,,,,,,,,,,,,,,,,,,,,,,,,,,,,,,,,,,,,,,,,,,,,,,,,,,,,,,,,,,,,,,,,,,,,,,0.02,0.02,0.1,0.1,0.1,0.1,0.02,0.02,,,,,,,0.02,,,0.1,,,0.02,0.1,,0.02,,,,,,0.02,,,,,,,,,,,,,,,,,,,,,,,,,,,,,,,,,,,,,,,,,,,,,,,,,,,,,,,,,,,,,,,,,,,,,,,,,,,,,,,,
7209,2IVWA,65,ILE,ARG,GLY,TYR,ASN,GLN,GLY,LEU,TYR,ASN,GLY,VAL,GLY,VAL,THR,TYR,VAL,TYR,GLY,GLU,ALA,GLU,SER,ILE,THR,ASP,ASP,SER,ILE,VAL,LEU,ASN,GLU,LEU,ILE,GLU,ASP,SER,THR,GLY,ASN,8.97,3.75,175.95,64.1,37.86,126.72,,,,,0.65,,,,0.69,1.84,18.24,,,,,,,,1.19,1.51,,,,,,,,,26.94,,,,,,,,,,,,,,,,,,,,,,,,,,,,,,,,,,,,,,,,,,,,,,,,,,,,,,,,,,,,,,,,,,,,,,,,,,,,0.02,0.02,0.1,0.1,0.1,0.1,,,,,0.02,,,,0.02,0.02,0.1,,,,,,,,0.02,0.02,,,,,,,,,0.1,,,,,,,,,,,,,,,,,,,,,,,,,,,,,,,,,,,,,,,,,,,,,,,,,,,,,,,,,,,,,,,,,,,,,,,,,,,
7209,2IVWA,66,GLU,ILE,ARG,GLY,TYR,ASN,GLN,GLY,LEU,TYR,ASN,GLY,VAL,GLY,VAL,THR,TYR,VAL,TYR,GLY,GLU,SER,ILE,THR,ASP,ASP,SER,ILE,VAL,LEU,ASN,GLU,LEU,ILE,GLU,ASP,SER,THR,GLY,ASN,TRP,9.53,4.43,175.57,56.74,32.16,130.59,1.84,1.9,,,,,,,2.19,,,36.47,,,,,,2.19,,,,,,,,,,,,,,,,,,,,,,,,,,,,,,,,,,,,,,,,,,,,,,,,,,,,,,,,,,,,,,,,,,,,,,,,,,,,,,,,,,,,,,,0.02,0.02,0.1,0.1,0.1,0.1,0.02,0.02,,,,,,,0.02,,,0.1,,,,,,0.02,,,,,,,,,,,,,,,,,,,,,,,,,,,,,,,,,,,,,,,,,,,,,,,,,,,,,,,,,,,,,,,,,,,,,,,,,,,,,,,,,,,,,,
7209,2IVWA,67,SER,GLU,ILE,ARG,GLY,TYR,ASN,GLN,GLY,LEU,TYR,ASN,GLY,VAL,GLY,VAL,THR,TYR,VAL,TYR,GLY,ILE,THR,ASP,ASP,SER,ILE,VAL,LEU,ASN,GLU,LEU,ILE,GLU,ASP,SER,THR,GLY,ASN,TRP,VAL,7.62,4.52,171.43,57.56,64.97,110.73,3.7,3.7,,,,,,,,,,,,,,,,,,,,,,,,,,,,,,,,,,,,,,,,,,,,,,,,,,,,,,,,,,,,,,,,,,,,,,,,,,,,,,,,,,,,,,,,,,,,,,,,,,,,,,,0.02,0.02,0.1,0.1,0.1,0.1,0.02,0.02,,,,,,,,,,,,,,,,,,,,,,,,,,,,,,,,,,,,,,,,,,,,,,,,,,,,,,,,,,,,,,,,,,,,,,,,,,,,,,,,,,,,,,,,,,,,,,,,,,,,,,
7209,2IVWA,68,ILE,SER,GLU,ILE,ARG,GLY,TYR,ASN,GLN,GLY,LEU,TYR,ASN,GLY,VAL,GLY,VAL,THR,TYR,VAL,TYR,THR,ASP,ASP,SER,ILE,VAL,LEU,ASN,GLU,LEU,ILE,GLU,ASP,SER,THR,GLY,ASN,TRP,VAL,SER,8.23,4.28,173.93,62.1,40.32,123.39,,,,,0.68,,14.4,,0.68,1.49,16.36,,,,,,,,0.68,0.68,,,,,,,,,26.8,,,,,,,,,,,,,,,,,,,,,,,,,,,,,,,,,,,,,,,,,,,,,,,,,,,,,,,,,,,,,,,,,,,,,,,,,,,,0.02,0.02,0.1,0.1,0.1,0.1,,,,,0.02,,0.1,,0.02,0.02,0.1,,,,,,,,0.02,0.02,,,,,,,,,0.1,,,,,,,,,,,,,,,,,,,,,,,,,,,,,,,,,,,,,,,,,,,,,,,,,,,,,,,,,,,,,,,,,,,,,,,,,,,
7209,2IVWA,69,THR,ILE,SER,GLU,ILE,ARG,GLY,TYR,ASN,GLN,GLY,LEU,TYR,ASN,GLY,VAL,GLY,VAL,THR,TYR,VAL,ASP,ASP,SER,ILE,VAL,LEU,ASN,GLU,LEU,ILE,GLU,ASP,SER,THR,GLY,ASN,TRP,VAL,SER,ARG,8.8,4.78,174.33,59.38,73.02,116.24,,,,,,,,,1.23,4.78,21.52,,,,,,,,,,,,,,,,,,,,,,,,,,,,,,,,,,,,,,,,,,,,,,,,,,,,,,,,,,,,,,,,,,,,,,,,,,,,,,,,,,,,,,,,,,,,,,0.02,0.02,0.1,0.1,0.1,0.1,,,,,,,,,0.02,0.02,0.1,,,,,,,,,,,,,,,,,,,,,,,,,,,,,,,,,,,,,,,,,,,,,,,,,,,,,,,,,,,,,,,,,,,,,,,,,,,,,,,,,,,,,,,,,,,,,
7209,2IVWA,70,ASP,THR,ILE,SER,GLU,ILE,ARG,GLY,TYR,ASN,GLN,GLY,LEU,TYR,ASN,GLY,VAL,GLY,VAL,THR,TYR,ASP,SER,ILE,VAL,LEU,ASN,GLU,LEU,ILE,GLU,ASP,SER,THR,GLY,ASN,TRP,VAL,SER,ARG,LYS,8.6,4.24,175.15,57.33,40.8,118.37,2.52,2.66,,,,,,,,,,,,,,,,,,,,,,,,,,,,,,,,,,,,,,,,,,,,,,,,,,,,,,,,,,,,,,,,,,,,,,,,,,,,,,,,,,,,,,,,,,,,,,,,,,,,,,,0.02,0.02,0.1,0.1,0.1,0.1,0.02,0.02,,,,,,,,,,,,,,,,,,,,,,,,,,,,,,,,,,,,,,,,,,,,,,,,,,,,,,,,,,,,,,,,,,,,,,,,,,,,,,,,,,,,,,,,,,,,,,,,,,,,,,
7209,2IVWA,71,ASP,ASP,THR,ILE,SER,GLU,ILE,ARG,GLY,TYR,ASN,GLN,GLY,LEU,TYR,ASN,GLY,VAL,GLY,VAL,THR,SER,ILE,VAL,LEU,ASN,GLU,LEU,ILE,GLU,ASP,SER,THR,GLY,ASN,TRP,VAL,SER,ARG,LYS,ALA,7.83,4.83,177.07,55.45,42.98,110.72,2.54,2.69,,,,,,,,,,,,,,,,,,,,,,,,,,,,,,,,,,,,,,,,,,,,,,,,,,,,,,,,,,,,,,,,,,,,,,,,,,,,,,,,,,,,,,,,,,,,,,,,,,,,,,,0.02,0.02,0.1,0.1,0.1,0.1,0.02,0.02,,,,,,,,,,,,,,,,,,,,,,,,,,,,,,,,,,,,,,,,,,,,,,,,,,,,,,,,,,,,,,,,,,,,,,,,,,,,,,,,,,,,,,,,,,,,,,,,,,,,,,
7209,2IVWA,72,SER,ASP,ASP,THR,ILE,SER,GLU,ILE,ARG,GLY,TYR,ASN,GLN,GLY,LEU,TYR,ASN,GLY,VAL,GLY,VAL,ILE,VAL,LEU,ASN,GLU,LEU,ILE,GLU,ASP,SER,THR,GLY,ASN,TRP,VAL,SER,ARG,LYS,ALA,GLU,7.84,5.33,171.87,58.05,66.0,113.42,3.63,3.9,,,,,,,,,,,,,,,,,,,,,,,,,,,,,,,,,,,,,,,,,,,,,,,,,,,,,,,,,,,,,,,,,,,,,,,,,,,,,,,,,,,,,,,,,,,,,,,,,,,,,,,0.02,0.02,0.1,0.1,0.1,0.1,0.02,0.02,,,,,,,,,,,,,,,,,,,,,,,,,,,,,,,,,,,,,,,,,,,,,,,,,,,,,,,,,,,,,,,,,,,,,,,,,,,,,,,,,,,,,,,,,,,,,,,,,,,,,,
7209,2IVWA,73,ILE,SER,ASP,ASP,THR,ILE,SER,GLU,ILE,ARG,GLY,TYR,ASN,GLN,GLY,LEU,TYR,ASN,GLY,VAL,GLY,VAL,LEU,ASN,GLU,LEU,ILE,GLU,ASP,SER,THR,GLY,ASN,TRP,VAL,SER,ARG,LYS,ALA,GLU,LEU,8.46,4.49,174.5,60.68,40.62,119.38,,,,,0.28,,14.81,,0.67,1.2,17.96,,,,,,,,0.64,0.64,,,,,,,,,25.86,,,,,,,,,,,,,,,,,,,,,,,,,,,,,,,,,,,,,,,,,,,,,,,,,,,,,,,,,,,,,,,,,,,,,,,,,,,,0.02,0.02,0.1,0.1,0.1,0.1,,,,,0.02,,0.1,,0.02,0.02,0.1,,,,,,,,0.02,0.02,,,,,,,,,0.1,,,,,,,,,,,,,,,,,,,,,,,,,,,,,,,,,,,,,,,,,,,,,,,,,,,,,,,,,,,,,,,,,,,,,,,,,,,
7209,2IVWA,74,VAL,ILE,SER,ASP,ASP,THR,ILE,SER,GLU,ILE,ARG,GLY,TYR,ASN,GLN,GLY,LEU,TYR,ASN,GLY,VAL,LEU,ASN,GLU,LEU,ILE,GLU,ASP,SER,THR,GLY,ASN,TRP,VAL,SER,ARG,LYS,ALA,GLU,LEU,LEU,8.24,4.61,174.68,61.82,33.12,126.01,,,,,,,,,0.88,1.94,21.95,,,,,,,,,,,,,,,,,0.92,21.82,,,,,,,,,,,,,,,,,,,,,,,,,,,,,,,,,,,,,,,,,,,,,,,,,,,,,,,,,,,,,,,,,,,,,,,,,,,,0.02,0.02,0.1,0.1,0.1,0.1,,,,,,,,,0.02,0.02,0.1,,,,,,,,,,,,,,,,,0.02,0.1,,,,,,,,,,,,,,,,,,,,,,,,,,,,,,,,,,,,,,,,,,,,,,,,,,,,,,,,,,,,,,,,,,,,,,,,,,,
7209,2IVWA,75,LEU,VAL,ILE,SER,ASP,ASP,THR,ILE,SER,GLU,ILE,ARG,GLY,TYR,ASN,GLN,GLY,LEU,TYR,ASN,GLY,ASN,GLU,LEU,ILE,GLU,ASP,SER,THR,GLY,ASN,TRP,VAL,SER,ARG,LYS,ALA,GLU,LEU,LEU,LEU,9.26,5.19,174.27,53.33,45.65,125.69,1.19,1.38,,,0.78,,27.53,,,,,26.97,,,0.68,,26.62,,,,,,1.51,,,,,,,,,,,,,,,,,,,,,,,,,,,,,,,,,,,,,,,,,,,,,,,,,,,,,,,,,,,,,,,,,,,,,,,,,,,,,,,,,,0.02,0.02,0.1,0.1,0.1,0.1,0.02,0.02,,,0.02,,0.1,,,,,0.1,,,0.02,,0.1,,,,,,0.02,,,,,,,,,,,,,,,,,,,,,,,,,,,,,,,,,,,,,,,,,,,,,,,,,,,,,,,,,,,,,,,,,,,,,,,,,,,,,,,,,
7209,2IVWA,76,ASN,LEU,VAL,ILE,SER,ASP,ASP,THR,ILE,SER,GLU,ILE,ARG,GLY,TYR,ASN,GLN,GLY,LEU,TYR,ASN,GLU,LEU,ILE,GLU,ASP,SER,THR,GLY,ASN,TRP,VAL,SER,ARG,LYS,ALA,GLU,LEU,LEU,LEU,ASN,8.31,5.35,174.27,52.78,41.14,119.01,2.62,2.79,,,,,,,,,,,,,,,,,,,,,,,,,,,,,,,,,,,,,,,,,,,,,,,,,,,,,,,,,,,,,,,,,,,,,,,,,,,,,,,,,,,,,,,,,,,,,,,,,,,,,,,0.02,0.02,0.1,0.1,0.1,0.1,0.02,0.02,,,,,,,,,,,,,,,,,,,,,,,,,,,,,,,,,,,,,,,,,,,,,,,,,,,,,,,,,,,,,,,,,,,,,,,,,,,,,,,,,,,,,,,,,,,,,,,,,,,,,,
7209,2IVWA,77,GLU,ASN,LEU,VAL,ILE,SER,ASP,ASP,THR,ILE,SER,GLU,ILE,ARG,GLY,TYR,ASN,GLN,GLY,LEU,TYR,LEU,ILE,GLU,ASP,SER,THR,GLY,ASN,TRP,VAL,SER,ARG,LYS,ALA,GLU,LEU,LEU,LEU,ASN,SER,9.28,4.58,174.72,55.56,32.87,123.45,2.1,1.93,,,,,,,2.19,,,35.36,,,,,,2.19,,,,,,,,,,,,,,,,,,,,,,,,,,,,,,,,,,,,,,,,,,,,,,,,,,,,,,,,,,,,,,,,,,,,,,,,,,,,,,,,,,,,,,,0.02,0.02,0.1,0.1,0.1,0.1,0.02,0.02,,,,,,,0.02,,,0.1,,,,,,0.02,,,,,,,,,,,,,,,,,,,,,,,,,,,,,,,,,,,,,,,,,,,,,,,,,,,,,,,,,,,,,,,,,,,,,,,,,,,,,,,,,,,,,,
7209,2IVWA,78,LEU,GLU,ASN,LEU,VAL,ILE,SER,ASP,ASP,THR,ILE,SER,GLU,ILE,ARG,GLY,TYR,ASN,GLN,GLY,LEU,ILE,GLU,ASP,SER,THR,GLY,ASN,TRP,VAL,SER,ARG,LYS,ALA,GLU,LEU,LEU,LEU,ASN,SER,SER,8.37,5.36,175.02,54.23,45.95,120.53,1.6,1.6,,,0.68,,25.25,,,,,26.8,,,0.74,,23.93,,,,,,1.75,,,,,,,,,,,,,,,,,,,,,,,,,,,,,,,,,,,,,,,,,,,,,,,,,,,,,,,,,,,,,,,,,,,,,,,,,,,,,,,,,,0.02,0.02,0.1,0.1,0.1,0.1,0.02,0.02,,,0.02,,0.1,,,,,0.1,,,0.02,,0.1,,,,,,0.02,,,,,,,,,,,,,,,,,,,,,,,,,,,,,,,,,,,,,,,,,,,,,,,,,,,,,,,,,,,,,,,,,,,,,,,,,,,,,,,,,
7209,2IVWA,79,ILE,LEU,GLU,ASN,LEU,VAL,ILE,SER,ASP,ASP,THR,ILE,SER,GLU,ILE,ARG,GLY,TYR,ASN,GLN,GLY,GLU,ASP,SER,THR,GLY,ASN,TRP,VAL,SER,ARG,LYS,ALA,GLU,LEU,LEU,LEU,ASN,SER,SER,ASP,9.06,4.69,173.52,58.61,41.56,118.97,,,,,0.76,,12.83,,0.83,1.83,17.26,,,,,,,,1.1,1.36,,,,,,,,,26.5,,,,,,,,,,,,,,,,,,,,,,,,,,,,,,,,,,,,,,,,,,,,,,,,,,,,,,,,,,,,,,,,,,,,,,,,,,,,0.02,0.02,0.1,0.1,0.1,0.1,,,,,0.02,,0.1,,0.02,0.02,0.1,,,,,,,,0.02,0.02,,,,,,,,,0.1,,,,,,,,,,,,,,,,,,,,,,,,,,,,,,,,,,,,,,,,,,,,,,,,,,,,,,,,,,,,,,,,,,,,,,,,,,,
7209,2IVWA,80,GLU,ILE,LEU,GLU,ASN,LEU,VAL,ILE,SER,ASP,ASP,THR,ILE,SER,GLU,ILE,ARG,GLY,TYR,ASN,GLN,ASP,SER,THR,GLY,ASN,TRP,VAL,SER,ARG,LYS,ALA,GLU,LEU,LEU,LEU,ASN,SER,SER,ASP,LYS,8.21,3.85,176.5,55.08,29.76,126.17,1.32,0.34,,,,,,,0.7,,,35.46,,,,,,1.33,,,,,,,,,,,,,,,,,,,,,,,,,,,,,,,,,,,,,,,,,,,,,,,,,,,,,,,,,,,,,,,,,,,,,,,,,,,,,,,,,,,,,,,0.02,0.02,0.1,0.1,0.1,0.1,0.02,0.02,,,,,,,0.02,,,0.1,,,,,,0.02,,,,,,,,,,,,,,,,,,,,,,,,,,,,,,,,,,,,,,,,,,,,,,,,,,,,,,,,,,,,,,,,,,,,,,,,,,,,,,,,,,,,,,
7209,2IVWA,81,ASP,GLU,ILE,LEU,GLU,ASN,LEU,VAL,ILE,SER,ASP,ASP,THR,ILE,SER,GLU,ILE,ARG,GLY,TYR,ASN,SER,THR,GLY,ASN,TRP,VAL,SER,ARG,LYS,ALA,GLU,LEU,LEU,LEU,ASN,SER,SER,ASP,LYS,ASN,8.77,4.61,177.68,52.71,41.48,126.58,2.58,3.19,,,,,,,,,,,,,,,,,,,,,,,,,,,,,,,,,,,,,,,,,,,,,,,,,,,,,,,,,,,,,,,,,,,,,,,,,,,,,,,,,,,,,,,,,,,,,,,,,,,,,,,0.02,0.02,0.1,0.1,0.1,0.1,0.02,0.02,,,,,,,,,,,,,,,,,,,,,,,,,,,,,,,,,,,,,,,,,,,,,,,,,,,,,,,,,,,,,,,,,,,,,,,,,,,,,,,,,,,,,,,,,,,,,,,,,,,,,,
7209,2IVWA,82,SER,ASP,GLU,ILE,LEU,GLU,ASN,LEU,VAL,ILE,SER,ASP,ASP,THR,ILE,SER,GLU,ILE,ARG,GLY,TYR,THR,GLY,ASN,TRP,VAL,SER,ARG,LYS,ALA,GLU,LEU,LEU,LEU,ASN,SER,SER,ASP,LYS,ASN,THR,8.24,4.19,174.96,60.73,63.08,112.33,4.03,3.96,,,,,,,,,,,,,,,,,,,,,,,,,,,,,,,,,,,,,,,,,,,,,,,,,,,,,,,,,,,,,,,,,,,,,,,,,,,,,,,,,,,,,,,,,,,,,,,,,,,,,,,0.02,0.02,0.1,0.1,0.1,0.1,0.02,0.02,,,,,,,,,,,,,,,,,,,,,,,,,,,,,,,,,,,,,,,,,,,,,,,,,,,,,,,,,,,,,,,,,,,,,,,,,,,,,,,,,,,,,,,,,,,,,,,,,,,,,,
7209,2IVWA,83,THR,SER,ASP,GLU,ILE,LEU,GLU,ASN,LEU,VAL,ILE,SER,ASP,ASP,THR,ILE,SER,GLU,ILE,ARG,GLY,GLY,ASN,TRP,VAL,SER,ARG,LYS,ALA,GLU,LEU,LEU,LEU,ASN,SER,SER,ASP,LYS,ASN,THR,GLU,8.32,4.43,174.9,61.76,69.61,112.5,,,,,,,,,1.16,4.37,21.55,,,,,,,,,,,,,,,,,,,,,,,,,,,,,,,,,,,,,,,,,,,,,,,,,,,,,,,,,,,,,,,,,,,,,,,,,,,,,,,,,,,,,,,,,,,,,,0.02,0.02,0.1,0.1,0.1,0.1,,,,,,,,,0.02,0.02,0.1,,,,,,,,,,,,,,,,,,,,,,,,,,,,,,,,,,,,,,,,,,,,,,,,,,,,,,,,,,,,,,,,,,,,,,,,,,,,,,,,,,,,,,,,,,,,,
7209,2IVWA,84,GLY,THR,SER,ASP,GLU,ILE,LEU,GLU,ASN,LEU,VAL,ILE,SER,ASP,ASP,THR,ILE,SER,GLU,ILE,ARG,ASN,TRP,VAL,SER,ARG,LYS,ALA,GLU,LEU,LEU,LEU,ASN,SER,SER,ASP,LYS,ASN,THR,GLU,GLN,8.22,,173.36,45.23,,110.28,,,,,,,,,,,,,,,,,,,,,4.19,3.7,,,,,,,,,,,,,,,,,,,,,,,,,,,,,,,,,,,,,,,,,,,,,,,,,,,,,,,,,,,,,,,,,,,,,,,,,,,,,,,,,,,0.02,,0.1,0.1,,0.1,,,,,,,,,,,,,,,,,,,,,0.02,0.02,,,,,,,,,,,,,,,,,,,,,,,,,,,,,,,,,,,,,,,,,,,,,,,,,,,,,,,,,,,,,,,,,,,,,,,,,,,,,,,,,,
7209,2IVWA,85,ASN,GLY,THR,SER,ASP,GLU,ILE,LEU,GLU,ASN,LEU,VAL,ILE,SER,ASP,ASP,THR,ILE,SER,GLU,ILE,TRP,VAL,SER,ARG,LYS,ALA,GLU,LEU,LEU,LEU,ASN,SER,SER,ASP,LYS,ASN,THR,GLU,GLN,ALA,7.96,4.9,173.19,52.36,40.02,119.14,2.67,2.67,,,,,,,,,,,,,,,,,,,,,,,,,,,,7.85,115.57,6.79,,,,,,,,,,,,,,,,,,,,,,,,,,,,,,,,,,,,,,,,,,,,,,,,,,,,,,,,,,,,,,,,,,,,,,,,,0.02,0.02,0.1,0.1,0.1,0.1,0.02,0.02,,,,,,,,,,,,,,,,,,,,,,,,,,,,0.02,0.1,0.02,,,,,,,,,,,,,,,,,,,,,,,,,,,,,,,,,,,,,,,,,,,,,,,,,,,,,,,,,,,,,,,,,,,,,,,,
7209,2IVWA,86,TRP,ASN,GLY,THR,SER,ASP,GLU,ILE,LEU,GLU,ASN,LEU,VAL,ILE,SER,ASP,ASP,THR,ILE,SER,GLU,VAL,SER,ARG,LYS,ALA,GLU,LEU,LEU,LEU,ASN,SER,SER,ASP,LYS,ASN,THR,GLU,GLN,ALA,ALA,8.6,5.01,176.07,57.12,29.57,122.22,2.96,2.83,,,7.26,10.04,,,,,,,,,,,,,,,,,,,,,,,,,,,129.1,7.36,,7.22,7.2,,,,7.47,,,,,,,,,,,,,,,,,,,,,,,,,,,,,,,,,,,,,,,,,,,,,,,,,,,,,,,,,,,,,,,,0.02,0.02,0.1,0.1,0.1,0.1,0.02,0.02,,,0.02,0.02,,,,,,,,,,,,,,,,,,,,,,,,,,,0.1,0.02,,0.02,0.02,,,,0.02,,,,,,,,,,,,,,,,,,,,,,,,,,,,,,,,,,,,,,,,,,,,,,,,,,,,,,,,,,,,,,,
7209,2IVWA,87,VAL,TRP,ASN,GLY,THR,SER,ASP,GLU,ILE,LEU,GLU,ASN,LEU,VAL,ILE,SER,ASP,ASP,THR,ILE,SER,SER,ARG,LYS,ALA,GLU,LEU,LEU,LEU,ASN,SER,SER,ASP,LYS,ASN,THR,GLU,GLN,ALA,ALA,ALA,9.56,4.61,174.11,59.87,35.14,121.23,,,,,,,,,0.9,2.16,21.1,,,,,,,,,,,,,,,,,0.95,21.4,,,,,,,,,,,,,,,,,,,,,,,,,,,,,,,,,,,,,,,,,,,,,,,,,,,,,,,,,,,,,,,,,,,,,,,,,,,,0.02,0.02,0.1,0.1,0.1,0.1,,,,,,,,,0.02,0.02,0.1,,,,,,,,,,,,,,,,,0.02,0.1,,,,,,,,,,,,,,,,,,,,,,,,,,,,,,,,,,,,,,,,,,,,,,,,,,,,,,,,,,,,,,,,,,,,,,,,,,,
7209,2IVWA,88,SER,VAL,TRP,ASN,GLY,THR,SER,ASP,GLU,ILE,LEU,GLU,ASN,LEU,VAL,ILE,SER,ASP,ASP,THR,ILE,ARG,LYS,ALA,GLU,LEU,LEU,LEU,ASN,SER,SER,ASP,LYS,ASN,THR,GLU,GLN,ALA,ALA,ALA,PRO,8.32,5.6,174.66,57.21,64.71,117.09,3.87,3.87,,,,,,,,,,,,,,,,,,,,,,,,,,,,,,,,,,,,,,,,,,,,,,,,,,,,,,,,,,,,,,,,,,,,,,,,,,,,,,,,,,,,,,,,,,,,,,,,,,,,,,,0.02,0.02,0.1,0.1,0.1,0.1,0.02,0.02,,,,,,,,,,,,,,,,,,,,,,,,,,,,,,,,,,,,,,,,,,,,,,,,,,,,,,,,,,,,,,,,,,,,,,,,,,,,,,,,,,,,,,,,,,,,,,,,,,,,,,
7209,2IVWA,89,ARG,SER,VAL,TRP,ASN,GLY,THR,SER,ASP,GLU,ILE,LEU,GLU,ASN,LEU,VAL,ILE,SER,ASP,ASP,THR,LYS,ALA,GLU,LEU,LEU,LEU,ASN,SER,SER,ASP,LYS,ASN,THR,GLU,GLN,ALA,ALA,ALA,PRO,ALA,8.86,4.7,173.56,55.08,33.97,123.78,1.84,1.67,,,,,,,1.63,,,27.01,,,3.17,42.98,,1.54,,,,,,3.17,,,,,,,,,,,,,,,,,,,,,,,,,,,,,,,,,,,,,,,,,,,,,,,,,,,,,,,,,,,,,,,,,,,,,,,,,,,,,,,,,0.02,0.02,0.1,0.1,0.1,0.1,0.02,0.02,,,,,,,0.02,,,0.1,,,0.02,0.1,,0.02,,,,,,0.02,,,,,,,,,,,,,,,,,,,,,,,,,,,,,,,,,,,,,,,,,,,,,,,,,,,,,,,,,,,,,,,,,,,,,,,,,,,,,,,,
7209,2IVWA,90,LYS,ARG,SER,VAL,TRP,ASN,GLY,THR,SER,ASP,GLU,ILE,LEU,GLU,ASN,LEU,VAL,ILE,SER,ASP,ASP,ALA,GLU,LEU,LEU,LEU,ASN,SER,SER,ASP,LYS,ASN,THR,GLU,GLN,ALA,ALA,ALA,PRO,ALA,ALA,8.62,5.01,175.61,55.87,33.29,125.81,1.76,1.82,,,,,,,1.39,,,24.99,2.91,41.6,1.66,29.05,,1.53,,,,,,1.66,,,,,,,,,,,,,,,,,2.91,,,,,,,,,,,,,,,,,,,,,,,,,,,,,,,,,,,,,,,,,,,,,,,,,,,,,,,,,,,,,,,,0.02,0.02,0.1,0.1,0.1,0.1,0.02,0.02,,,,,,,0.02,,,0.1,0.02,0.1,0.02,0.1,,0.02,,,,,,0.02,,,,,,,,,,,,,,,,,0.02,,,,,,,,,,,,,,,,,,,,,,,,,,,,,,,,,,,,,,,,,,,,,,,,,,,,,,,,,,,,,,,
7209,2IVWA,91,ALA,LYS,ARG,SER,VAL,TRP,ASN,GLY,THR,SER,ASP,GLU,ILE,LEU,GLU,ASN,LEU,VAL,ILE,SER,ASP,GLU,LEU,LEU,LEU,ASN,SER,SER,ASP,LYS,ASN,THR,GLU,GLN,ALA,ALA,ALA,PRO,ALA,ALA,GLU,8.85,4.71,174.52,50.86,22.45,127.05,,,,,,,,,,1.24,,,,,,,,,,,,,,,,,,,,,,,,,,,,,,,,,,,,,,,,,,,,,,,,,,,,,,,,,,,,,,,,,,,,,,,,,,,,,,,,,,,,,,,,,,,,,,,0.02,0.02,0.1,0.1,0.1,0.1,,,,,,,,,,0.02,,,,,,,,,,,,,,,,,,,,,,,,,,,,,,,,,,,,,,,,,,,,,,,,,,,,,,,,,,,,,,,,,,,,,,,,,,,,,,,,,,,,,,,,,,,,,,
7209,2IVWA,92,GLU,ALA,LYS,ARG,SER,VAL,TRP,ASN,GLY,THR,SER,ASP,GLU,ILE,LEU,GLU,ASN,LEU,VAL,ILE,SER,LEU,LEU,LEU,ASN,SER,SER,ASP,LYS,ASN,THR,GLU,GLN,ALA,ALA,ALA,PRO,ALA,ALA,GLU,GLN,8.38,5.44,174.88,54.68,33.85,118.23,1.93,1.77,,,,,,,2.06,,,36.6,,,,,,2.06,,,,,,,,,,,,,,,,,,,,,,,,,,,,,,,,,,,,,,,,,,,,,,,,,,,,,,,,,,,,,,,,,,,,,,,,,,,,,,,,,,,,,,,0.02,0.02,0.1,0.1,0.1,0.1,0.02,0.02,,,,,,,0.02,,,0.1,,,,,,0.02,,,,,,,,,,,,,,,,,,,,,,,,,,,,,,,,,,,,,,,,,,,,,,,,,,,,,,,,,,,,,,,,,,,,,,,,,,,,,,,,,,,,,,
7209,2IVWA,93,LEU,GLU,ALA,LYS,ARG,SER,VAL,TRP,ASN,GLY,THR,SER,ASP,GLU,ILE,LEU,GLU,ASN,LEU,VAL,ILE,LEU,LEU,ASN,SER,SER,ASP,LYS,ASN,THR,GLU,GLN,ALA,ALA,ALA,PRO,ALA,ALA,GLU,GLN,ASN,8.91,4.77,175.32,53.61,43.88,124.51,1.71,1.4,,,0.77,,26.22,,,,,27.01,,,0.86,,24.57,,,,,,1.54,,,,,,,,,,,,,,,,,,,,,,,,,,,,,,,,,,,,,,,,,,,,,,,,,,,,,,,,,,,,,,,,,,,,,,,,,,,,,,,,,,0.02,0.02,0.1,0.1,0.1,0.1,0.02,0.02,,,0.02,,0.1,,,,,0.1,,,0.02,,0.1,,,,,,0.02,,,,,,,,,,,,,,,,,,,,,,,,,,,,,,,,,,,,,,,,,,,,,,,,,,,,,,,,,,,,,,,,,,,,,,,,,,,,,,,,,
7209,2IVWA,94,LEU,LEU,GLU,ALA,LYS,ARG,SER,VAL,TRP,ASN,GLY,THR,SER,ASP,GLU,ILE,LEU,GLU,ASN,LEU,VAL,LEU,ASN,SER,SER,ASP,LYS,ASN,THR,GLU,GLN,ALA,ALA,ALA,PRO,ALA,ALA,GLU,GLN,ASN,,8.79,4.57,177.34,54.61,42.26,123.39,1.63,1.74,,,0.94,,23.37,,,,,27.07,,,0.88,,23.36,,,,,,1.64,,,,,,,,,,,,,,,,,,,,,,,,,,,,,,,,,,,,,,,,,,,,,,,,,,,,,,,,,,,,,,,,,,,,,,,,,,,,,,,,,,0.02,0.02,0.1,0.1,0.1,0.1,0.02,0.02,,,0.02,,0.1,,,,,0.1,,,0.02,,0.1,,,,,,0.02,,,,,,,,,,,,,,,,,,,,,,,,,,,,,,,,,,,,,,,,,,,,,,,,,,,,,,,,,,,,,,,,,,,,,,,,,,,,,,,,,
7209,2IVWA,95,LEU,LEU,LEU,GLU,ALA,LYS,ARG,SER,VAL,TRP,ASN,GLY,THR,SER,ASP,GLU,ILE,LEU,GLU,ASN,LEU,ASN,SER,SER,ASP,LYS,ASN,THR,GLU,GLN,ALA,ALA,ALA,PRO,ALA,ALA,GLU,GLN,ASN,,,7.78,3.9,176.57,56.51,41.35,123.21,1.2,1.2,,,0.11,,22.07,,,,,26.75,,,0.86,,24.96,,,,,,1.19,,,,,,,,,,,,,,,,,,,,,,,,,,,,,,,,,,,,,,,,,,,,,,,,,,,,,,,,,,,,,,,,,,,,,,,,,,,,,,,,,,0.02,0.02,0.1,0.1,0.1,0.1,0.02,0.02,,,0.02,,0.1,,,,,0.1,,,0.02,,0.1,,,,,,0.02,,,,,,,,,,,,,,,,,,,,,,,,,,,,,,,,,,,,,,,,,,,,,,,,,,,,,,,,,,,,,,,,,,,,,,,,,,,,,,,,,
7209,2IVWA,96,ASN,LEU,LEU,LEU,GLU,ALA,LYS,ARG,SER,VAL,TRP,ASN,GLY,THR,SER,ASP,GLU,ILE,LEU,GLU,ASN,SER,SER,ASP,LYS,ASN,THR,GLU,GLN,ALA,ALA,ALA,PRO,ALA,ALA,GLU,GLN,ASN,,,,8.95,4.8,173.94,53.05,39.62,125.59,2.78,2.78,,,,,,,,,,,,,,,,,,,,,,,,,,,,6.97,112.44,7.53,,,,,,,,,,,,,,,,,,,,,,,,,,,,,,,,,,,,,,,,,,,,,,,,,,,,,,,,,,,,,,,,,,,,,,,,,0.02,0.02,0.1,0.1,0.1,0.1,0.02,0.02,,,,,,,,,,,,,,,,,,,,,,,,,,,,0.02,0.1,0.02,,,,,,,,,,,,,,,,,,,,,,,,,,,,,,,,,,,,,,,,,,,,,,,,,,,,,,,,,,,,,,,,,,,,,,,,
7209,2IVWA,97,SER,ASN,LEU,LEU,LEU,GLU,ALA,LYS,ARG,SER,VAL,TRP,ASN,GLY,THR,SER,ASP,GLU,ILE,LEU,GLU,SER,ASP,LYS,ASN,THR,GLU,GLN,ALA,ALA,ALA,PRO,ALA,ALA,GLU,GLN,ASN,,,,,8.28,4.46,174.51,58.06,63.87,116.26,3.77,3.9,,,,,,,,,,,,,,,,,,,,,,,,,,,,,,,,,,,,,,,,,,,,,,,,,,,,,,,,,,,,,,,,,,,,,,,,,,,,,,,,,,,,,,,,,,,,,,,,,,,,,,,0.02,0.02,0.1,0.1,0.1,0.1,0.02,0.02,,,,,,,,,,,,,,,,,,,,,,,,,,,,,,,,,,,,,,,,,,,,,,,,,,,,,,,,,,,,,,,,,,,,,,,,,,,,,,,,,,,,,,,,,,,,,,,,,,,,,,
7209,2IVWA,98,SER,SER,ASN,LEU,LEU,LEU,GLU,ALA,LYS,ARG,SER,VAL,TRP,ASN,GLY,THR,SER,ASP,GLU,ILE,LEU,ASP,LYS,ASN,THR,GLU,GLN,ALA,ALA,ALA,PRO,ALA,ALA,GLU,GLN,ASN,,,,,,8.39,4.47,174.0,58.55,63.87,117.7,3.86,3.87,,,,,,,,,,,,,,,,,,,,,,,,,,,,,,,,,,,,,,,,,,,,,,,,,,,,,,,,,,,,,,,,,,,,,,,,,,,,,,,,,,,,,,,,,,,,,,,,,,,,,,,0.02,0.02,0.1,0.1,0.1,0.1,0.02,0.02,,,,,,,,,,,,,,,,,,,,,,,,,,,,,,,,,,,,,,,,,,,,,,,,,,,,,,,,,,,,,,,,,,,,,,,,,,,,,,,,,,,,,,,,,,,,,,,,,,,,,,
7209,2IVWA,99,ASP,SER,SER,ASN,LEU,LEU,LEU,GLU,ALA,LYS,ARG,SER,VAL,TRP,ASN,GLY,THR,SER,ASP,GLU,ILE,LYS,ASN,THR,GLU,GLN,ALA,ALA,ALA,PRO,ALA,ALA,GLU,GLN,ASN,,,,,,,8.41,4.59,175.81,54.46,41.07,122.19,2.68,2.68,,,,,,,,,,,,,,,,,,,,,,,,,,,,,,,,,,,,,,,,,,,,,,,,,,,,,,,,,,,,,,,,,,,,,,,,,,,,,,,,,,,,,,,,,,,,,,,,,,,,,,,0.02,0.02,0.1,0.1,0.1,0.1,0.02,0.02,,,,,,,,,,,,,,,,,,,,,,,,,,,,,,,,,,,,,,,,,,,,,,,,,,,,,,,,,,,,,,,,,,,,,,,,,,,,,,,,,,,,,,,,,,,,,,,,,,,,,,
7209,2IVWA,100,LYS,ASP,SER,SER,ASN,LEU,LEU,LEU,GLU,ALA,LYS,ARG,SER,VAL,TRP,ASN,GLY,THR,SER,ASP,GLU,ASN,THR,GLU,GLN,ALA,ALA,ALA,PRO,ALA,ALA,GLU,GLN,ASN,,,,,,,,8.18,4.31,176.01,56.09,32.91,120.84,1.76,1.76,,,,,,,1.41,,,24.69,3.0,41.77,1.69,28.86,,1.41,,,,,,1.69,,,,,,,,,,,,,,,,,3.0,,,,,,,,,,,,,,,,,,,,,,,,,,,,,,,,,,,,,,,,,,,,,,,,,,,,,,,,,,,,,,,,0.02,0.02,0.1,0.1,0.1,0.1,0.02,0.02,,,,,,,0.02,,,0.1,0.02,0.1,0.02,0.1,,0.02,,,,,,0.02,,,,,,,,,,,,,,,,,0.02,,,,,,,,,,,,,,,,,,,,,,,,,,,,,,,,,,,,,,,,,,,,,,,,,,,,,,,,,,,,,,,
7209,2IVWA,101,ASN,LYS,ASP,SER,SER,ASN,LEU,LEU,LEU,GLU,ALA,LYS,ARG,SER,VAL,TRP,ASN,GLY,THR,SER,ASP,THR,GLU,GLN,ALA,ALA,ALA,PRO,ALA,ALA,GLU,GLN,ASN,,,,,,,,,8.43,4.76,176.34,53.39,39.05,119.27,2.82,2.82,,,,,,,,,,,,,,,,,,,,,,,,,,,,,,,,,,,,,,,,,,,,,,,,,,,,,,,,,,,,,,,,,,,,,,,,,,,,,,,,,,,,,,,,,,,,,,,,,,,,,,,0.02,0.02,0.1,0.1,0.1,0.1,0.02,0.02,,,,,,,,,,,,,,,,,,,,,,,,,,,,,,,,,,,,,,,,,,,,,,,,,,,,,,,,,,,,,,,,,,,,,,,,,,,,,,,,,,,,,,,,,,,,,,,,,,,,,,
7209,2IVWA,102,THR,ASN,LYS,ASP,SER,SER,ASN,LEU,LEU,LEU,GLU,ALA,LYS,ARG,SER,VAL,TRP,ASN,GLY,THR,SER,GLU,GLN,ALA,ALA,ALA,PRO,ALA,ALA,GLU,GLN,ASN,,,,,,,,,,8.06,4.28,173.92,61.63,69.73,113.86,,,,,,,,,1.18,4.28,21.15,,,,,,,,,,,,,,,,,,,,,,,,,,,,,,,,,,,,,,,,,,,,,,,,,,,,,,,,,,,,,,,,,,,,,,,,,,,,,,,,,,,,,,,,,,,,,,0.02,0.02,0.1,0.1,0.1,0.1,,,,,,,,,0.02,0.02,0.1,,,,,,,,,,,,,,,,,,,,,,,,,,,,,,,,,,,,,,,,,,,,,,,,,,,,,,,,,,,,,,,,,,,,,,,,,,,,,,,,,,,,,,,,,,,,,
7209,2IVWA,103,GLU,THR,ASN,LYS,ASP,SER,SER,ASN,LEU,LEU,LEU,GLU,ALA,LYS,ARG,SER,VAL,TRP,ASN,GLY,THR,GLN,ALA,ALA,ALA,PRO,ALA,ALA,GLU,GLN,ASN,,,,,,,,,,,8.32,4.37,175.78,55.95,30.8,122.6,1.99,1.99,,,,,,,2.29,,,36.3,,,,,,2.29,,,,,,,,,,,,,,,,,,,,,,,,,,,,,,,,,,,,,,,,,,,,,,,,,,,,,,,,,,,,,,,,,,,,,,,,,,,,,,,,,,,,,,,0.02,0.02,0.1,0.1,0.1,0.1,0.02,0.02,,,,,,,0.02,,,0.1,,,,,,0.02,,,,,,,,,,,,,,,,,,,,,,,,,,,,,,,,,,,,,,,,,,,,,,,,,,,,,,,,,,,,,,,,,,,,,,,,,,,,,,,,,,,,,,
7209,2IVWA,104,GLN,GLU,THR,ASN,LYS,ASP,SER,SER,ASN,LEU,LEU,LEU,GLU,ALA,LYS,ARG,SER,VAL,TRP,ASN,GLY,ALA,ALA,ALA,PRO,ALA,ALA,GLU,GLN,ASN,,,,,,,,,,,,8.48,4.52,175.87,55.39,30.07,122.08,2.03,2.04,,,,,,,2.55,,,32.08,,,,,,2.55,,,,,,,,,,,,,,,,,,,,,,,,,,,,,,,,,,,,,,,,,,,,,,,,,,,,,,,,,,,,,,,,,,,,,,,,,,,,,,,,,,,,,,,0.02,0.02,0.1,0.1,0.1,0.1,0.02,0.02,,,,,,,0.02,,,0.1,,,,,,0.02,,,,,,,,,,,,,,,,,,,,,,,,,,,,,,,,,,,,,,,,,,,,,,,,,,,,,,,,,,,,,,,,,,,,,,,,,,,,,,,,,,,,,,
7209,2IVWA,105,ALA,GLN,GLU,THR,ASN,LYS,ASP,SER,SER,ASN,LEU,LEU,LEU,GLU,ALA,LYS,ARG,SER,VAL,TRP,ASN,ALA,ALA,PRO,ALA,ALA,GLU,GLN,ASN,,,,,,,,,,,,,8.24,4.29,175.37,52.21,19.07,125.2,,,,,,,,,,1.39,,,,,,,,,,,,,,,,,,,,,,,,,,,,,,,,,,,,,,,,,,,,,,,,,,,,,,,,,,,,,,,,,,,,,,,,,,,,,,,,,,,,,,,,,,,,,,,0.02,0.02,0.1,0.1,0.1,0.1,,,,,,,,,,0.02,,,,,,,,,,,,,,,,,,,,,,,,,,,,,,,,,,,,,,,,,,,,,,,,,,,,,,,,,,,,,,,,,,,,,,,,,,,,,,,,,,,,,,,,,,,,,,
7209,2IVWA,106,ALA,ALA,GLN,GLU,THR,ASN,LYS,ASP,SER,SER,ASN,LEU,LEU,LEU,GLU,ALA,LYS,ARG,SER,VAL,TRP,ALA,PRO,ALA,ALA,GLU,GLN,ASN,,,,,,,,,,,,,,8.25,4.29,,52.21,19.07,123.15,,,,,,,,,,1.39,,,,,,,,,,,,,,,,,,,,,,,,,,,,,,,,,,,,,,,,,,,,,,,,,,,,,,,,,,,,,,,,,,,,,,,,,,,,,,,,,,,,,,,,,,,,,,,0.02,0.02,,0.1,0.1,0.1,,,,,,,,,,0.02,,,,,,,,,,,,,,,,,,,,,,,,,,,,,,,,,,,,,,,,,,,,,,,,,,,,,,,,,,,,,,,,,,,,,,,,,,,,,,,,,,,,,,,,,,,,,,
7209,2IVWA,107,ALA,ALA,ALA,GLN,GLU,THR,ASN,LYS,ASP,SER,SER,ASN,LEU,LEU,LEU,GLU,ALA,LYS,ARG,SER,VAL,PRO,ALA,ALA,GLU,GLN,ASN,,,,,,,,,,,,,,,8.16,4.29,,52.21,19.07,123.22,,,,,,,,,,1.38,,,,,,,,,,,,,,,,,,,,,,,,,,,,,,,,,,,,,,,,,,,,,,,,,,,,,,,,,,,,,,,,,,,,,,,,,,,,,,,,,,,,,,,,,,,,,,,0.02,0.02,,0.1,0.1,0.1,,,,,,,,,,0.02,,,,,,,,,,,,,,,,,,,,,,,,,,,,,,,,,,,,,,,,,,,,,,,,,,,,,,,,,,,,,,,,,,,,,,,,,,,,,,,,,,,,,,,,,,,,,,
7209,2IVWA,108,PRO,ALA,ALA,ALA,GLN,GLU,THR,ASN,LYS,ASP,SER,SER,ASN,LEU,LEU,LEU,GLU,ALA,LYS,ARG,SER,ALA,ALA,GLU,GLN,ASN,,,,,,,,,,,,,,,,,4.42,175.47,62.1,32.76,,1.98,1.98,,,,,,,,,,,,,,,,,,,,,,,,,,,,,,,,,,,,,,,,,,,,,,,,,,,,,,,,,,,,,,,,,,,,,,,,,,,,,,,,,,,,,,,,,,,,,,,,,,,,,,,,0.02,0.1,0.1,0.1,,0.02,0.02,,,,,,,,,,,,,,,,,,,,,,,,,,,,,,,,,,,,,,,,,,,,,,,,,,,,,,,,,,,,,,,,,,,,,,,,,,,,,,,,,,,,,,,,,,,,,,,,,,,,,,
7209,2IVWA,109,ALA,PRO,ALA,ALA,ALA,GLN,GLU,THR,ASN,LYS,ASP,SER,SER,ASN,LEU,LEU,LEU,GLU,ALA,LYS,ARG,ALA,GLU,GLN,ASN,,,,,,,,,,,,,,,,,8.33,4.32,174.79,52.22,18.84,124.25,,,,,,,,,,1.39,,,,,,,,,,,,,,,,,,,,,,,,,,,,,,,,,,,,,,,,,,,,,,,,,,,,,,,,,,,,,,,,,,,,,,,,,,,,,,,,,,,,,,,,,,,,,,,0.02,0.02,0.1,0.1,0.1,0.1,,,,,,,,,,0.02,,,,,,,,,,,,,,,,,,,,,,,,,,,,,,,,,,,,,,,,,,,,,,,,,,,,,,,,,,,,,,,,,,,,,,,,,,,,,,,,,,,,,,,,,,,,,,
7209,2IVWA,110,ALA,ALA,PRO,ALA,ALA,ALA,GLN,GLU,THR,ASN,LYS,ASP,SER,SER,ASN,LEU,LEU,LEU,GLU,ALA,LYS,GLU,GLN,ASN,,,,,,,,,,,,,,,,,,8.26,4.31,175.93,52.25,19.44,123.53,,,,,,,,,,1.39,,,,,,,,,,,,,,,,,,,,,,,,,,,,,,,,,,,,,,,,,,,,,,,,,,,,,,,,,,,,,,,,,,,,,,,,,,,,,,,,,,,,,,,,,,,,,,,0.02,0.02,0.1,0.1,0.1,0.1,,,,,,,,,,0.02,,,,,,,,,,,,,,,,,,,,,,,,,,,,,,,,,,,,,,,,,,,,,,,,,,,,,,,,,,,,,,,,,,,,,,,,,,,,,,,,,,,,,,,,,,,,,,
7209,2IVWA,111,GLU,ALA,ALA,PRO,ALA,ALA,ALA,GLN,GLU,THR,ASN,LYS,ASP,SER,SER,ASN,LEU,LEU,LEU,GLU,ALA,GLN,ASN,,,,,,,,,,,,,,,,,,,8.33,4.3,,56.63,30.22,119.65,1.97,1.97,,,,,,,2.3,,,36.11,,,,,,2.3,,,,,,,,,,,,,,,,,,,,,,,,,,,,,,,,,,,,,,,,,,,,,,,,,,,,,,,,,,,,,,,,,,,,,,,,,,,,,,,,,,,,,,,0.02,0.02,,0.1,0.1,0.1,0.02,0.02,,,,,,,0.02,,,0.1,,,,,,0.02,,,,,,,,,,,,,,,,,,,,,,,,,,,,,,,,,,,,,,,,,,,,,,,,,,,,,,,,,,,,,,,,,,,,,,,,,,,,,,,,,,,,,,
7209,2IVWA,112,GLN,GLU,ALA,ALA,PRO,ALA,ALA,ALA,GLN,GLU,THR,ASN,LYS,ASP,SER,SER,ASN,LEU,LEU,LEU,GLU,ASN,,,,,,,,,,,,,,,,,,,,8.28,4.29,,56.29,29.6,120.94,2.02,2.02,,,,,,,2.38,,,33.7,,,,,,2.38,,,,,,,,,,,,,,,,,,,,,,,,,,,,,,,,,,,,,,,,,,,,,,,,,,,,,,,,,,,,,,,,,,,,,,,,,,,,,,,,,,,,,,,0.02,0.02,,0.1,0.1,0.1,0.02,0.02,,,,,,,0.02,,,0.1,,,,,,0.02,,,,,,,,,,,,,,,,,,,,,,,,,,,,,,,,,,,,,,,,,,,,,,,,,,,,,,,,,,,,,,,,,,,,,,,,,,,,,,,,,,,,,,
7209,2IVWA,113,ASN,GLN,GLU,ALA,ALA,PRO,ALA,ALA,ALA,GLN,GLU,THR,ASN,LYS,ASP,SER,SER,ASN,LEU,LEU,LEU,,,,,,,,,,,,,,,,,,,,,8.09,4.52,,,,125.66,2.72,2.72,,,,,,,,,,,,,,,,,,,,,,,,,,,,,,,,,,,,,,,,,,,,,,,,,,,,,,,,,,,,,,,,,,,,,,,,,,,,,,,,,,,,,,,,,,,,,,,,,,,,,,,0.02,0.02,,,,0.1,0.02,0.02,,,,,,,,,,,,,,,,,,,,,,,,,,,,,,,,,,,,,,,,,,,,,,,,,,,,,,,,,,,,,,,,,,,,,,,,,,,,,,,,,,,,,,,,,,,,,,,,,,,,,,
